ID	Block	Row	Column	Name
1	1	1	1	HongKong/4801/2014
2	1	1	2	HongKong/4801/2014
3	1	1	3	HongKong/4801/2014
4	1	1	4	HongKong/4801/2014
5	1	1	5	HongKong/4801/2014
6	1	1	6	HongKong/4801/2014
7	1	1	7	HongKong/4801/2014
8	1	1	8	HongKong/4801/2014
9	1	1	9	HongKong/4801/2014
10	1	1	10	HongKong/4801/2014
11	1	1	11	HongKong/4801/2014
12	1	1	12	HongKong/4801/2014
13	1	1	13	HongKong/4801/2014
14	1	1	14	HongKong/4801/2014
15	1	1	15	HongKong/4801/2014
16	1	2	1	HongKong/4801/2014
17	1	2	2	HongKong/4801/2014
18	1	2	3	HongKong/4801/2014
19	1	2	4	HongKong/4801/2014
20	1	2	5	HongKong/4801/2014
21	1	2	6	HongKong/4801/2014
22	1	2	7	HongKong/4801/2014
23	1	2	8	HongKong/4801/2014
24	1	2	9	HongKong/4801/2014
25	1	2	10	HongKong/4801/2014
26	1	2	11	HongKong/4801/2014
27	1	2	12	HongKong/4801/2014
28	1	2	13	HongKong/4801/2014
29	1	2	14	HongKong/4801/2014
30	1	2	15	HongKong/4801/2014
31	1	3	1	HongKong/4801/2014
32	1	3	2	HongKong/4801/2014
33	1	3	3	HongKong/4801/2014
34	1	3	4	HongKong/4801/2014
35	1	3	5	HongKong/4801/2014
36	1	3	6	HongKong/4801/2014
37	1	3	7	HongKong/4801/2014
38	1	3	8	HongKong/4801/2014
39	1	3	9	HongKong/4801/2014
40	1	3	10	HongKong/4801/2014
41	1	3	11	HongKong/4801/2014
42	1	3	12	HongKong/4801/2014
43	1	3	13	HongKong/4801/2014
44	1	3	14	HongKong/4801/2014
45	1	3	15	HongKong/4801/2014
46	1	4	1	HongKong/4801/2014
47	1	4	2	HongKong/4801/2014
48	1	4	3	HongKong/4801/2014
49	1	4	4	HongKong/4801/2014
50	1	4	5	HongKong/4801/2014
51	1	4	6	HongKong/4801/2014
52	1	4	7	HongKong/4801/2014
53	1	4	8	HongKong/4801/2014
54	1	4	9	HongKong/4801/2014
55	1	4	10	HongKong/4801/2014
56	1	4	11	HongKong/4801/2014
57	1	4	12	HongKong/4801/2014
58	1	4	13	HongKong/4801/2014
59	1	4	14	HongKong/4801/2014
60	1	4	15	HongKong/4801/2014
61	1	5	1	HongKong/4801/2014
62	1	5	2	HongKong/4801/2014
63	1	5	3	HongKong/4801/2014
64	1	5	4	HongKong/4801/2014
65	1	5	5	HongKong/4801/2014
66	1	5	6	HongKong/4801/2014
67	1	5	7	HongKong/4801/2014
68	1	5	8	HongKong/4801/2014
69	1	5	9	HongKong/4801/2014
70	1	5	10	HongKong/4801/2014
71	1	5	11	HongKong/4801/2014
72	1	5	12	HongKong/4801/2014
73	1	5	13	HongKong/4801/2014
74	1	5	14	HongKong/4801/2014
75	1	5	15	HongKong/4801/2014
76	1	6	1	HongKong/4801/2014
77	1	6	2	HongKong/4801/2014
78	1	6	3	HongKong/4801/2014
79	1	6	4	HongKong/4801/2014
80	1	6	5	HongKong/4801/2014
81	1	6	6	HongKong/4801/2014
82	1	6	7	HongKong/4801/2014
83	1	6	8	HongKong/4801/2014
84	1	6	9	HongKong/4801/2014
85	1	6	10	HongKong/4801/2014
86	1	6	11	HongKong/4801/2014
87	1	6	12	HongKong/4801/2014
88	1	6	13	HongKong/4801/2014
89	1	6	14	HongKong/4801/2014
90	1	6	15	HongKong/4801/2014
91	1	7	1	HongKong/4801/2014
92	1	7	2	HongKong/4801/2014
93	1	7	3	HongKong/4801/2014
94	1	7	4	HongKong/4801/2014
95	1	7	5	HongKong/4801/2014
96	1	7	6	HongKong/4801/2014
97	1	7	7	HongKong/4801/2014
98	1	7	8	HongKong/4801/2014
99	1	7	9	HongKong/4801/2014
100	1	7	10	HongKong/4801/2014
101	1	7	11	HongKong/4801/2014
102	1	7	12	HongKong/4801/2014
103	1	7	13	HongKong/4801/2014
104	1	7	14	HongKong/4801/2014
105	1	7	15	HongKong/4801/2014
106	1	8	1	HongKong/4801/2014
107	1	8	2	HongKong/4801/2014
108	1	8	3	HongKong/4801/2014
109	1	8	4	HongKong/4801/2014
110	1	8	5	HongKong/4801/2014
111	1	8	6	HongKong/4801/2014
112	1	8	7	HongKong/4801/2014
113	1	8	8	HongKong/4801/2014
114	1	8	9	HongKong/4801/2014
115	1	8	10	HongKong/4801/2014
116	1	8	11	HongKong/4801/2014
117	1	8	12	HongKong/4801/2014
118	1	8	13	HongKong/4801/2014
119	1	8	14	HongKong/4801/2014
120	1	8	15	HongKong/4801/2014
121	1	9	1	HongKong/4801/2014
122	1	9	2	HongKong/4801/2014
123	1	9	3	HongKong/4801/2014
124	1	9	4	HongKong/4801/2014
125	1	9	5	HongKong/4801/2014
126	1	9	6	HongKong/4801/2014
127	1	9	7	HongKong/4801/2014
128	1	9	8	HongKong/4801/2014
129	1	9	9	HongKong/4801/2014
130	1	9	10	HongKong/4801/2014
131	1	9	11	HongKong/4801/2014
132	1	9	12	HongKong/4801/2014
133	1	9	13	HongKong/4801/2014
134	1	9	14	HongKong/4801/2014
135	1	9	15	HongKong/4801/2014
136	1	10	1	HongKong/4801/2014
137	1	10	2	HongKong/4801/2014
138	1	10	3	HongKong/4801/2014
139	1	10	4	HongKong/4801/2014
140	1	10	5	HongKong/4801/2014
141	1	10	6	HongKong/4801/2014
142	1	10	7	HongKong/4801/2014
143	1	10	8	HongKong/4801/2014
144	1	10	9	HongKong/4801/2014
145	1	10	10	HongKong/4801/2014
146	1	10	11	HongKong/4801/2014
147	1	10	12	HongKong/4801/2014
148	1	10	13	HongKong/4801/2014
149	1	10	14	HongKong/4801/2014
150	1	10	15	HongKong/4801/2014
151	1	11	1	HongKong/4801/2014
152	1	11	2	HongKong/4801/2014
153	1	11	3	HongKong/4801/2014
154	1	11	4	HongKong/4801/2014
155	1	11	5	HongKong/4801/2014
156	1	11	6	HongKong/4801/2014
157	1	11	7	HongKong/4801/2014
158	1	11	8	HongKong/4801/2014
159	1	11	9	HongKong/4801/2014
160	1	11	10	HongKong/4801/2014
161	1	11	11	HongKong/4801/2014
162	1	11	12	HongKong/4801/2014
163	1	11	13	HongKong/4801/2014
164	1	11	14	HongKong/4801/2014
165	1	11	15	HongKong/4801/2014
166	1	12	1	HongKong/4801/2014
167	1	12	2	HongKong/4801/2014
168	1	12	3	HongKong/4801/2014
169	1	12	4	HongKong/4801/2014
170	1	12	5	HongKong/4801/2014
171	1	12	6	HongKong/4801/2014
172	1	12	7	HongKong/4801/2014
173	1	12	8	HongKong/4801/2014
174	1	12	9	HongKong/4801/2014
175	1	12	10	HongKong/4801/2014
176	1	12	11	HongKong/4801/2014
177	1	12	12	HongKong/4801/2014
178	1	12	13	HongKong/4801/2014
179	1	12	14	HongKong/4801/2014
180	1	12	15	HongKong/4801/2014
181	1	13	1	HongKong/4801/2014
182	1	13	2	HongKong/4801/2014
183	1	13	3	HongKong/4801/2014
184	1	13	4	HongKong/4801/2014
185	1	13	5	HongKong/4801/2014
186	1	13	6	HongKong/4801/2014
187	1	13	7	HongKong/4801/2014
188	1	13	8	HongKong/4801/2014
189	1	13	9	HongKong/4801/2014
190	1	13	10	HongKong/4801/2014
191	1	13	11	HongKong/4801/2014
192	1	13	12	HongKong/4801/2014
193	1	13	13	HongKong/4801/2014
194	1	13	14	HongKong/4801/2014
195	1	13	15	HongKong/4801/2014
196	1	14	1	HongKong/4801/2014
197	1	14	2	HongKong/4801/2014
198	1	14	3	HongKong/4801/2014
199	1	14	4	HongKong/4801/2014
200	1	14	5	HongKong/4801/2014
201	1	14	6	HongKong/4801/2014
202	1	14	7	HongKong/4801/2014
203	1	14	8	HongKong/4801/2014
204	1	14	9	HongKong/4801/2014
205	1	14	10	HongKong/4801/2014
206	1	14	11	HongKong/4801/2014
207	1	14	12	HongKong/4801/2014
208	1	14	13	HongKong/4801/2014
209	1	14	14	HongKong/4801/2014
210	1	14	15	HongKong/4801/2014
211	1	15	1	HongKong/4801/2014
212	1	15	2	HongKong/4801/2014
213	1	15	3	HongKong/4801/2014
214	1	15	4	HongKong/4801/2014
215	1	15	5	HongKong/4801/2014
216	1	15	6	HongKong/4801/2014
217	1	15	7	HongKong/4801/2014
218	1	15	8	HongKong/4801/2014
219	1	15	9	HongKong/4801/2014
220	1	15	10	HongKong/4801/2014
221	1	15	11	HongKong/4801/2014
222	1	15	12	HongKong/4801/2014
223	1	15	13	HongKong/4801/2014
224	1	15	14	HongKong/4801/2014
225	1	15	15	HongKong/4801/2014
226	1	16	1	HongKong/4801/2014
227	1	16	2	HongKong/4801/2014
228	1	16	3	HongKong/4801/2014
229	1	16	4	HongKong/4801/2014
230	1	16	5	HongKong/4801/2014
231	1	16	6	HongKong/4801/2014
232	1	16	7	HongKong/4801/2014
233	1	16	8	HongKong/4801/2014
234	1	16	9	HongKong/4801/2014
235	1	16	10	HongKong/4801/2014
236	1	16	11	HongKong/4801/2014
237	1	16	12	HongKong/4801/2014
238	1	16	13	HongKong/4801/2014
239	1	16	14	HongKong/4801/2014
240	1	16	15	HongKong/4801/2014
241	1	17	1	HongKong/4801/2014
242	1	17	2	HongKong/4801/2014
243	1	17	3	HongKong/4801/2014
244	1	17	4	HongKong/4801/2014
245	1	17	5	HongKong/4801/2014
246	1	17	6	HongKong/4801/2014
247	1	17	7	HongKong/4801/2014
248	1	17	8	HongKong/4801/2014
249	1	17	9	HongKong/4801/2014
250	1	17	10	HongKong/4801/2014
251	1	17	11	HongKong/4801/2014
252	1	17	12	HongKong/4801/2014
253	1	17	13	HongKong/4801/2014
254	1	17	14	HongKong/4801/2014
255	1	17	15	HongKong/4801/2014
256	1	18	1	HongKong/4801/2014
257	1	18	2	HongKong/4801/2014
258	1	18	3	HongKong/4801/2014
259	1	18	4	HongKong/4801/2014
260	1	18	5	HongKong/4801/2014
261	1	18	6	HongKong/4801/2014
262	1	18	7	HongKong/4801/2014
263	1	18	8	HongKong/4801/2014
264	1	18	9	HongKong/4801/2014
265	1	18	10	HongKong/4801/2014
266	1	18	11	HongKong/4801/2014
267	1	18	12	HongKong/4801/2014
268	1	18	13	HongKong/4801/2014
269	1	18	14	HongKong/4801/2014
270	1	18	15	HongKong/4801/2014
271	1	19	1	HongKong/4801/2014
272	1	19	2	HongKong/4801/2014
273	1	19	3	HongKong/4801/2014
274	1	19	4	HongKong/4801/2014
275	1	19	5	HongKong/4801/2014
276	1	19	6	HongKong/4801/2014
277	1	19	7	HongKong/4801/2014
278	1	19	8	HongKong/4801/2014
279	1	19	9	HongKong/4801/2014
280	1	19	10	HongKong/4801/2014
281	1	19	11	HongKong/4801/2014
282	1	19	12	HongKong/4801/2014
283	1	19	13	HongKong/4801/2014
284	1	19	14	HongKong/4801/2014
285	1	19	15	HongKong/4801/2014
286	1	20	1	HongKong/4801/2014
287	1	20	2	HongKong/4801/2014
288	1	20	3	HongKong/4801/2014
289	1	20	4	HongKong/4801/2014
290	1	20	5	HongKong/4801/2014
291	1	20	6	HongKong/4801/2014
292	1	20	7	HongKong/4801/2014
293	1	20	8	HongKong/4801/2014
294	1	20	9	HongKong/4801/2014
295	1	20	10	HongKong/4801/2014
296	1	20	11	HongKong/4801/2014
297	1	20	12	HongKong/4801/2014
298	1	20	13	HongKong/4801/2014
299	1	20	14	HongKong/4801/2014
300	1	20	15	HongKong/4801/2014
301	1	21	1	HongKong/4801/2014
302	1	21	2	HongKong/4801/2014
303	1	21	3	HongKong/4801/2014
304	1	21	4	HongKong/4801/2014
305	1	21	5	HongKong/4801/2014
306	1	21	6	HongKong/4801/2014
307	1	21	7	HongKong/4801/2014
308	1	21	8	HongKong/4801/2014
309	1	21	9	HongKong/4801/2014
310	1	21	10	HongKong/4801/2014
311	1	21	11	HongKong/4801/2014
312	1	21	12	HongKong/4801/2014
313	1	21	13	HongKong/4801/2014
314	1	21	14	HongKong/4801/2014
315	1	21	15	HongKong/4801/2014
316	1	22	1	HongKong/4801/2014
317	1	22	2	HongKong/4801/2014
318	1	22	3	HongKong/4801/2014
319	1	22	4	HongKong/4801/2014
320	1	22	5	HongKong/4801/2014
321	1	22	6	HongKong/4801/2014
322	1	22	7	HongKong/4801/2014
323	1	22	8	HongKong/4801/2014
324	1	22	9	HongKong/4801/2014
325	1	22	10	HongKong/4801/2014
326	1	22	11	HongKong/4801/2014
327	1	22	12	HongKong/4801/2014
328	1	22	13	HongKong/4801/2014
329	1	22	14	HongKong/4801/2014
330	1	22	15	HongKong/4801/2014
331	1	23	1	HongKong/4801/2014
332	1	23	2	HongKong/4801/2014
333	1	23	3	HongKong/4801/2014
334	1	23	4	HongKong/4801/2014
335	1	23	5	HongKong/4801/2014
336	1	23	6	HongKong/4801/2014
337	1	23	7	HongKong/4801/2014
338	1	23	8	HongKong/4801/2014
339	1	23	9	HongKong/4801/2014
340	1	23	10	HongKong/4801/2014
341	1	23	11	HongKong/4801/2014
342	1	23	12	HongKong/4801/2014
343	1	23	13	HongKong/4801/2014
344	1	23	14	HongKong/4801/2014
345	1	23	15	HongKong/4801/2014
346	1	24	1	HongKong/4801/2014
347	1	24	2	HongKong/4801/2014
348	1	24	3	HongKong/4801/2014
349	1	24	4	HongKong/4801/2014
350	1	24	5	HongKong/4801/2014
351	1	24	6	HongKong/4801/2014
352	1	24	7	HongKong/4801/2014
353	1	24	8	HongKong/4801/2014
354	1	24	9	HongKong/4801/2014
355	1	24	10	HongKong/4801/2014
356	1	24	11	HongKong/4801/2014
357	1	24	12	HongKong/4801/2014
358	1	24	13	HongKong/4801/2014
359	1	24	14	HongKong/4801/2014
360	1	24	15	HongKong/4801/2014
361	1	25	1	HongKong/4801/2014
362	1	25	2	HongKong/4801/2014
363	1	25	3	HongKong/4801/2014
364	1	25	4	HongKong/4801/2014
365	1	25	5	HongKong/4801/2014
366	1	25	6	HongKong/4801/2014
367	1	25	7	HongKong/4801/2014
368	1	25	8	HongKong/4801/2014
369	1	25	9	HongKong/4801/2014
370	1	25	10	HongKong/4801/2014
371	1	25	11	HongKong/4801/2014
372	1	25	12	HongKong/4801/2014
373	1	25	13	HongKong/4801/2014
374	1	25	14	HongKong/4801/2014
375	1	25	15	HongKong/4801/2014
376	1	26	1	HongKong/4801/2014
377	1	26	2	HongKong/4801/2014
378	1	26	3	HongKong/4801/2014
379	1	26	4	HongKong/4801/2014
380	1	26	5	HongKong/4801/2014
381	1	26	6	HongKong/4801/2014
382	1	26	7	HongKong/4801/2014
383	1	26	8	HongKong/4801/2014
384	1	26	9	HongKong/4801/2014
385	1	26	10	HongKong/4801/2014
386	1	26	11	HongKong/4801/2014
387	1	26	12	HongKong/4801/2014
388	1	26	13	HongKong/4801/2014
389	1	26	14	HongKong/4801/2014
390	1	26	15	HongKong/4801/2014
391	1	27	1	HongKong/4801/2014
392	1	27	2	HongKong/4801/2014
393	1	27	3	HongKong/4801/2014
394	1	27	4	HongKong/4801/2014
395	1	27	5	HongKong/4801/2014
396	1	27	6	HongKong/4801/2014
397	1	27	7	HongKong/4801/2014
398	1	27	8	HongKong/4801/2014
399	1	27	9	HongKong/4801/2014
400	1	27	10	HongKong/4801/2014
401	1	27	11	HongKong/4801/2014
402	1	27	12	HongKong/4801/2014
403	1	27	13	HongKong/4801/2014
404	1	27	14	HongKong/4801/2014
405	1	27	15	HongKong/4801/2014
406	1	28	1	HongKong/4801/2014
407	1	28	2	HongKong/4801/2014
408	1	28	3	HongKong/4801/2014
409	1	28	4	HongKong/4801/2014
410	1	28	5	HongKong/4801/2014
411	1	28	6	HongKong/4801/2014
412	1	28	7	HongKong/4801/2014
413	1	28	8	HongKong/4801/2014
414	1	28	9	HongKong/4801/2014
415	1	28	10	HongKong/4801/2014
416	1	28	11	HongKong/4801/2014
417	1	28	12	HongKong/4801/2014
418	1	28	13	HongKong/4801/2014
419	1	28	14	HongKong/4801/2014
420	1	28	15	HongKong/4801/2014
421	1	29	1	HongKong/4801/2014
422	1	29	2	HongKong/4801/2014
423	1	29	3	HongKong/4801/2014
424	1	29	4	HongKong/4801/2014
425	1	29	5	HongKong/4801/2014
426	1	29	6	HongKong/4801/2014
427	1	29	7	HongKong/4801/2014
428	1	29	8	HongKong/4801/2014
429	1	29	9	HongKong/4801/2014
430	1	29	10	HongKong/4801/2014
431	1	29	11	HongKong/4801/2014
432	1	29	12	HongKong/4801/2014
433	1	29	13	HongKong/4801/2014
434	1	29	14	HongKong/4801/2014
435	1	29	15	HongKong/4801/2014
436	1	30	1	HongKong/4801/2014
437	1	30	2	HongKong/4801/2014
438	1	30	3	HongKong/4801/2014
439	1	30	4	HongKong/4801/2014
440	1	30	5	HongKong/4801/2014
441	1	30	6	HongKong/4801/2014
442	1	30	7	HongKong/4801/2014
443	1	30	8	HongKong/4801/2014
444	1	30	9	HongKong/4801/2014
445	1	30	10	HongKong/4801/2014
446	1	30	11	HongKong/4801/2014
447	1	30	12	HongKong/4801/2014
448	1	30	13	HongKong/4801/2014
449	1	30	14	HongKong/4801/2014
450	1	30	15	HongKong/4801/2014
451	1	31	1	HongKong/4801/2014
452	1	31	2	HongKong/4801/2014
453	1	31	3	HongKong/4801/2014
454	1	31	4	HongKong/4801/2014
455	1	31	5	HongKong/4801/2014
456	1	31	6	HongKong/4801/2014
457	1	31	7	HongKong/4801/2014
458	1	31	8	HongKong/4801/2014
459	1	31	9	HongKong/4801/2014
460	1	31	10	HongKong/4801/2014
461	1	31	11	HongKong/4801/2014
462	1	31	12	HongKong/4801/2014
463	1	31	13	HongKong/4801/2014
464	1	31	14	HongKong/4801/2014
465	1	31	15	HongKong/4801/2014
466	1	32	1	HongKong/4801/2014
467	1	32	2	HongKong/4801/2014
468	1	32	3	HongKong/4801/2014
469	1	32	4	HongKong/4801/2014
470	1	32	5	HongKong/4801/2014
471	1	32	6	HongKong/4801/2014
472	1	32	7	HongKong/4801/2014
473	1	32	8	HongKong/4801/2014
474	1	32	9	HongKong/4801/2014
475	1	32	10	HongKong/4801/2014
476	1	32	11	HongKong/4801/2014
477	1	32	12	HongKong/4801/2014
478	1	32	13	HongKong/4801/2014
479	1	32	14	HongKong/4801/2014
480	1	32	15	HongKong/4801/2014
481	1	33	1	HongKong/4801/2014
482	1	33	2	HongKong/4801/2014
483	1	33	3	HongKong/4801/2014
484	1	33	4	HongKong/4801/2014
485	1	33	5	HongKong/4801/2014
486	1	33	6	HongKong/4801/2014
487	1	33	7	HongKong/4801/2014
488	1	33	8	HongKong/4801/2014
489	1	33	9	HongKong/4801/2014
490	1	33	10	HongKong/4801/2014
491	1	33	11	HongKong/4801/2014
492	1	33	12	HongKong/4801/2014
493	1	33	13	HongKong/4801/2014
494	1	33	14	HongKong/4801/2014
495	1	33	15	HongKong/4801/2014
496	1	34	1	HongKong/4801/2014
497	1	34	2	HongKong/4801/2014
498	1	34	3	HongKong/4801/2014
499	1	34	4	HongKong/4801/2014
500	1	34	5	HongKong/4801/2014
501	1	34	6	HongKong/4801/2014
502	1	34	7	HongKong/4801/2014
503	1	34	8	HongKong/4801/2014
504	1	34	9	HongKong/4801/2014
505	1	34	10	HongKong/4801/2014
506	1	34	11	HongKong/4801/2014
507	1	34	12	HongKong/4801/2014
508	1	34	13	HongKong/4801/2014
509	1	34	14	HongKong/4801/2014
510	1	34	15	HongKong/4801/2014
511	1	35	1	HongKong/4801/2014
512	1	35	2	HongKong/4801/2014
513	1	35	3	HongKong/4801/2014
514	1	35	4	HongKong/4801/2014
515	1	35	5	HongKong/4801/2014
516	1	35	6	HongKong/4801/2014
517	1	35	7	HongKong/4801/2014
518	1	35	8	HongKong/4801/2014
519	1	35	9	HongKong/4801/2014
520	1	35	10	HongKong/4801/2014
521	1	35	11	HongKong/4801/2014
522	1	35	12	HongKong/4801/2014
523	1	35	13	HongKong/4801/2014
524	1	35	14	HongKong/4801/2014
525	1	35	15	HongKong/4801/2014
526	1	36	1	HongKong/4801/2014
527	1	36	2	HongKong/4801/2014
528	1	36	3	HongKong/4801/2014
529	1	36	4	HongKong/4801/2014
530	1	36	5	HongKong/4801/2014
531	1	36	6	HongKong/4801/2014
532	1	36	7	HongKong/4801/2014
533	1	36	8	HongKong/4801/2014
534	1	36	9	HongKong/4801/2014
535	1	36	10	HongKong/4801/2014
536	1	36	11	HongKong/4801/2014
537	1	36	12	HongKong/4801/2014
538	1	36	13	HongKong/4801/2014
539	1	36	14	HongKong/4801/2014
540	1	36	15	HongKong/4801/2014
541	1	37	1	HongKong/4801/2014
542	1	37	2	HongKong/4801/2014
543	1	37	3	HongKong/4801/2014
544	1	37	4	HongKong/4801/2014
545	1	37	5	HongKong/4801/2014
546	1	37	6	HongKong/4801/2014
547	1	37	7	HongKong/4801/2014
548	1	37	8	HongKong/4801/2014
549	1	37	9	HongKong/4801/2014
550	1	37	10	HongKong/4801/2014
551	1	37	11	HongKong/4801/2014
552	1	37	12	HongKong/4801/2014
553	1	37	13	HongKong/4801/2014
554	1	37	14	HongKong/4801/2014
555	1	37	15	HongKong/4801/2014
556	1	38	1	HongKong/4801/2014
557	1	38	2	HongKong/4801/2014
558	1	38	3	HongKong/4801/2014
559	1	38	4	HongKong/4801/2014
560	1	38	5	HongKong/4801/2014
561	1	38	6	HongKong/4801/2014
562	1	38	7	HongKong/4801/2014
563	1	38	8	HongKong/4801/2014
564	1	38	9	HongKong/4801/2014
565	1	38	10	HongKong/4801/2014
566	1	38	11	HongKong/4801/2014
567	1	38	12	HongKong/4801/2014
568	1	38	13	HongKong/4801/2014
569	1	38	14	HongKong/4801/2014
570	1	38	15	HongKong/4801/2014
571	1	39	1	HongKong/4801/2014
572	1	39	2	HongKong/4801/2014
573	1	39	3	HongKong/4801/2014
574	1	39	4	HongKong/4801/2014
575	1	39	5	HongKong/4801/2014
576	1	39	6	HongKong/4801/2014
577	1	39	7	HongKong/4801/2014
578	1	39	8	HongKong/4801/2014
579	1	39	9	HongKong/4801/2014
580	1	39	10	HongKong/4801/2014
581	1	39	11	HongKong/4801/2014
582	1	39	12	HongKong/4801/2014
583	1	39	13	HongKong/4801/2014
584	1	39	14	HongKong/4801/2014
585	1	39	15	HongKong/4801/2014
586	1	40	1	HongKong/4801/2014
587	1	40	2	HongKong/4801/2014
588	1	40	3	HongKong/4801/2014
589	1	40	4	HongKong/4801/2014
590	1	40	5	HongKong/4801/2014
591	1	40	6	HongKong/4801/2014
592	1	40	7	HongKong/4801/2014
593	1	40	8	HongKong/4801/2014
594	1	40	9	HongKong/4801/2014
595	1	40	10	HongKong/4801/2014
596	1	40	11	HongKong/4801/2014
597	1	40	12	HongKong/4801/2014
598	1	40	13	HongKong/4801/2014
599	1	40	14	HongKong/4801/2014
600	1	40	15	HongKong/4801/2014
601	1	41	1	HongKong/4801/2014
602	1	41	2	HongKong/4801/2014
603	1	41	3	HongKong/4801/2014
604	1	41	4	HongKong/4801/2014
605	1	41	5	HongKong/4801/2014
606	1	41	6	HongKong/4801/2014
607	1	41	7	HongKong/4801/2014
608	1	41	8	HongKong/4801/2014
609	1	41	9	HongKong/4801/2014
610	1	41	10	HongKong/4801/2014
611	1	41	11	HongKong/4801/2014
612	1	41	12	HongKong/4801/2014
613	1	41	13	HongKong/4801/2014
614	1	41	14	HongKong/4801/2014
615	1	41	15	HongKong/4801/2014
616	1	42	1	HongKong/4801/2014
617	1	42	2	HongKong/4801/2014
618	1	42	3	HongKong/4801/2014
619	1	42	4	HongKong/4801/2014
620	1	42	5	HongKong/4801/2014
621	1	42	6	HongKong/4801/2014
622	1	42	7	HongKong/4801/2014
623	1	42	8	HongKong/4801/2014
624	1	42	9	HongKong/4801/2014
625	1	42	10	HongKong/4801/2014
626	1	42	11	HongKong/4801/2014
627	1	42	12	HongKong/4801/2014
628	1	42	13	HongKong/4801/2014
629	1	42	14	HongKong/4801/2014
630	1	42	15	HongKong/4801/2014
631	1	43	1	HongKong/4801/2014
632	1	43	2	HongKong/4801/2014
633	1	43	3	HongKong/4801/2014
634	1	43	4	HongKong/4801/2014
635	1	43	5	HongKong/4801/2014
636	1	43	6	HongKong/4801/2014
637	1	43	7	HongKong/4801/2014
638	1	43	8	HongKong/4801/2014
639	1	43	9	HongKong/4801/2014
640	1	43	10	HongKong/4801/2014
641	1	43	11	HongKong/4801/2014
642	1	43	12	HongKong/4801/2014
643	1	43	13	HongKong/4801/2014
644	1	43	14	HongKong/4801/2014
645	1	43	15	HongKong/4801/2014
646	1	44	1	HongKong/4801/2014
647	1	44	2	HongKong/4801/2014
648	1	44	3	HongKong/4801/2014
649	1	44	4	HongKong/4801/2014
650	1	44	5	HongKong/4801/2014
651	1	44	6	HongKong/4801/2014
652	1	44	7	HongKong/4801/2014
653	1	44	8	HongKong/4801/2014
654	1	44	9	HongKong/4801/2014
655	1	44	10	HongKong/4801/2014
656	1	44	11	HongKong/4801/2014
657	1	44	12	HongKong/4801/2014
658	1	44	13	HongKong/4801/2014
659	1	44	14	HongKong/4801/2014
660	1	44	15	HongKong/4801/2014
661	1	45	1	HongKong/4801/2014
662	1	45	2	HongKong/4801/2014
663	1	45	3	HongKong/4801/2014
664	1	45	4	HongKong/4801/2014
665	1	45	5	HongKong/4801/2014
666	1	45	6	HongKong/4801/2014
667	1	45	7	HongKong/4801/2014
668	1	45	8	HongKong/4801/2014
669	1	45	9	HongKong/4801/2014
670	1	45	10	HongKong/4801/2014
671	1	45	11	HongKong/4801/2014
672	1	45	12	HongKong/4801/2014
673	1	45	13	HongKong/4801/2014
674	1	45	14	HongKong/4801/2014
675	1	45	15	HongKong/4801/2014
676	1	46	1	HongKong/4801/2014
677	1	46	2	HongKong/4801/2014
678	1	46	3	HongKong/4801/2014
679	1	46	4	HongKong/4801/2014
680	1	46	5	HongKong/4801/2014
681	1	46	6	HongKong/4801/2014
682	1	46	7	HongKong/4801/2014
683	1	46	8	HongKong/4801/2014
684	1	46	9	HongKong/4801/2014
685	1	46	10	HongKong/4801/2014
686	1	46	11	HongKong/4801/2014
687	1	46	12	HongKong/4801/2014
688	1	46	13	HongKong/4801/2014
689	1	46	14	HongKong/4801/2014
690	1	46	15	HongKong/4801/2014
691	1	47	1	HongKong/4801/2014
692	1	47	2	HongKong/4801/2014
693	1	47	3	HongKong/4801/2014
694	1	47	4	HongKong/4801/2014
695	1	47	5	HongKong/4801/2014
696	1	47	6	HongKong/4801/2014
697	1	47	7	HongKong/4801/2014
698	1	47	8	HongKong/4801/2014
699	1	47	9	HongKong/4801/2014
700	1	47	10	HongKong/4801/2014
701	1	47	11	HongKong/4801/2014
702	1	47	12	HongKong/4801/2014
703	1	47	13	HongKong/4801/2014
704	1	47	14	HongKong/4801/2014
705	1	47	15	HongKong/4801/2014
706	1	48	1	HongKong/4801/2014
707	1	48	2	HongKong/4801/2014
708	1	48	3	HongKong/4801/2014
709	1	48	4	HongKong/4801/2014
710	1	48	5	HongKong/4801/2014
711	1	48	6	HongKong/4801/2014
712	1	48	7	HongKong/4801/2014
713	1	48	8	HongKong/4801/2014
714	1	48	9	HongKong/4801/2014
715	1	48	10	HongKong/4801/2014
716	1	48	11	HongKong/4801/2014
717	1	48	12	HongKong/4801/2014
718	1	48	13	HongKong/4801/2014
719	1	48	14	HongKong/4801/2014
720	1	48	15	HongKong/4801/2014
721	1	49	1	HongKong/4801/2014
722	1	49	2	HongKong/4801/2014
723	1	49	3	HongKong/4801/2014
724	1	49	4	HongKong/4801/2014
725	1	49	5	HongKong/4801/2014
726	1	49	6	HongKong/4801/2014
727	1	49	7	HongKong/4801/2014
728	1	49	8	HongKong/4801/2014
729	1	49	9	HongKong/4801/2014
730	1	49	10	HongKong/4801/2014
731	1	49	11	HongKong/4801/2014
732	1	49	12	HongKong/4801/2014
733	1	49	13	HongKong/4801/2014
734	1	49	14	HongKong/4801/2014
735	1	49	15	HongKong/4801/2014
736	1	50	1	HongKong/4801/2014
737	1	50	2	HongKong/4801/2014
738	1	50	3	HongKong/4801/2014
739	1	50	4	HongKong/4801/2014
740	1	50	5	HongKong/4801/2014
741	1	50	6	HongKong/4801/2014
742	1	50	7	HongKong/4801/2014
743	1	50	8	HongKong/4801/2014
744	1	50	9	HongKong/4801/2014
745	1	50	10	HongKong/4801/2014
746	1	50	11	HongKong/4801/2014
747	1	50	12	HongKong/4801/2014
748	1	50	13	HongKong/4801/2014
749	1	50	14	HongKong/4801/2014
750	1	50	15	HongKong/4801/2014
751	1	51	1	HongKong/4801/2014
752	1	51	2	HongKong/4801/2014
753	1	51	3	HongKong/4801/2014
754	1	51	4	HongKong/4801/2014
755	1	51	5	HongKong/4801/2014
756	1	51	6	HongKong/4801/2014
757	1	51	7	HongKong/4801/2014
758	1	51	8	HongKong/4801/2014
759	1	51	9	HongKong/4801/2014
760	1	51	10	HongKong/4801/2014
761	1	51	11	HongKong/4801/2014
762	1	51	12	HongKong/4801/2014
763	1	51	13	HongKong/4801/2014
764	1	51	14	HongKong/4801/2014
765	1	51	15	HongKong/4801/2014
766	1	52	1	HongKong/4801/2014
767	1	52	2	HongKong/4801/2014
768	1	52	3	HongKong/4801/2014
769	1	52	4	HongKong/4801/2014
770	1	52	5	HongKong/4801/2014
771	1	52	6	HongKong/4801/2014
772	1	52	7	HongKong/4801/2014
773	1	52	8	HongKong/4801/2014
774	1	52	9	HongKong/4801/2014
775	1	52	10	HongKong/4801/2014
776	1	52	11	HongKong/4801/2014
777	1	52	12	HongKong/4801/2014
778	1	52	13	HongKong/4801/2014
779	1	52	14	HongKong/4801/2014
780	1	52	15	HongKong/4801/2014
781	1	53	1	HongKong/4801/2014
782	1	53	2	HongKong/4801/2014
783	1	53	3	HongKong/4801/2014
784	1	53	4	HongKong/4801/2014
785	1	53	5	HongKong/4801/2014
786	1	53	6	HongKong/4801/2014
787	1	53	7	HongKong/4801/2014
788	1	53	8	HongKong/4801/2014
789	1	53	9	HongKong/4801/2014
790	1	53	10	HongKong/4801/2014
791	1	53	11	HongKong/4801/2014
792	1	53	12	HongKong/4801/2014
793	1	53	13	HongKong/4801/2014
794	1	53	14	HongKong/4801/2014
795	1	53	15	HongKong/4801/2014
796	1	54	1	HongKong/4801/2014
797	1	54	2	HongKong/4801/2014
798	1	54	3	HongKong/4801/2014
799	1	54	4	HongKong/4801/2014
800	1	54	5	HongKong/4801/2014
801	1	54	6	HongKong/4801/2014
802	1	54	7	HongKong/4801/2014
803	1	54	8	HongKong/4801/2014
804	1	54	9	HongKong/4801/2014
805	1	54	10	HongKong/4801/2014
806	1	54	11	HongKong/4801/2014
807	1	54	12	HongKong/4801/2014
808	1	54	13	HongKong/4801/2014
809	1	54	14	HongKong/4801/2014
810	1	54	15	HongKong/4801/2014
811	1	55	1	HongKong/4801/2014
812	1	55	2	HongKong/4801/2014
813	1	55	3	HongKong/4801/2014
814	1	55	4	HongKong/4801/2014
815	1	55	5	HongKong/4801/2014
816	1	55	6	HongKong/4801/2014
817	1	55	7	HongKong/4801/2014
818	1	55	8	HongKong/4801/2014
819	1	55	9	HongKong/4801/2014
820	1	55	10	HongKong/4801/2014
821	1	55	11	HongKong/4801/2014
822	1	55	12	HongKong/4801/2014
823	1	55	13	HongKong/4801/2014
824	1	55	14	HongKong/4801/2014
825	1	55	15	HongKong/4801/2014
826	1	56	1	HongKong/4801/2014
827	1	56	2	HongKong/4801/2014
828	1	56	3	HongKong/4801/2014
829	1	56	4	HongKong/4801/2014
830	1	56	5	HongKong/4801/2014
831	1	56	6	HongKong/4801/2014
832	1	56	7	HongKong/4801/2014
833	1	56	8	HongKong/4801/2014
834	1	56	9	HongKong/4801/2014
835	1	56	10	HongKong/4801/2014
836	1	56	11	HongKong/4801/2014
837	1	56	12	HongKong/4801/2014
838	1	56	13	HongKong/4801/2014
839	1	56	14	HongKong/4801/2014
840	1	56	15	HongKong/4801/2014
841	1	57	1	HongKong/4801/2014
842	1	57	2	HongKong/4801/2014
843	1	57	3	HongKong/4801/2014
844	1	57	4	HongKong/4801/2014
845	1	57	5	HongKong/4801/2014
846	1	57	6	HongKong/4801/2014
847	1	57	7	HongKong/4801/2014
848	1	57	8	HongKong/4801/2014
849	1	57	9	HongKong/4801/2014
850	1	57	10	HongKong/4801/2014
851	1	57	11	HongKong/4801/2014
852	1	57	12	HongKong/4801/2014
853	1	57	13	HongKong/4801/2014
854	1	57	14	HongKong/4801/2014
855	1	57	15	HongKong/4801/2014
