ID	Block	Row	Column	Name
1	1	1	1	X31D
2	1	1	2	X31D
3	1	1	3	X31D
4	1	1	4	X31D
5	1	1	5	X31D
6	1	1	6	X31D
7	1	1	7	X31D
8	1	1	8	X31D
9	1	1	9	X31D
10	1	1	10	X31D
11	1	1	11	X31D
12	1	1	12	X31D
13	1	2	1	X31D
14	1	2	2	X31D
15	1	2	3	X31D
16	1	2	4	X31D
17	1	2	5	X31D
18	1	2	6	X31D
19	1	2	7	X31D
20	1	2	8	X31D
21	1	2	9	X31D
22	1	2	10	X31D
23	1	2	11	X31D
24	1	2	12	X31D
25	1	3	1	X31D
26	1	3	2	X31D
27	1	3	3	X31D
28	1	3	4	X31D
29	1	3	5	X31D
30	1	3	6	X31D
31	1	3	7	X31D
32	1	3	8	X31D
33	1	3	9	X31D
34	1	3	10	X31D
35	1	3	11	X31D
36	1	3	12	X31D
37	1	4	1	X31D
38	1	4	2	X31D
39	1	4	3	X31D
40	1	4	4	X31D
41	1	4	5	X31D
42	1	4	6	X31D
43	1	4	7	X31D
44	1	4	8	X31D
45	1	4	9	X31D
46	1	4	10	X31D
47	1	4	11	X31D
48	1	4	12	X31D
49	1	5	1	X31D
50	1	5	2	X31D
51	1	5	3	X31D
52	1	5	4	X31D
53	1	5	5	X31D
54	1	5	6	X31D
55	1	5	7	X31D
56	1	5	8	X31D
57	1	5	9	X31D
58	1	5	10	X31D
59	1	5	11	X31D
60	1	5	12	X31D
61	1	6	1	X31D
62	1	6	2	X31D
63	1	6	3	X31D
64	1	6	4	X31D
65	1	6	5	X31D
66	1	6	6	X31D
67	1	6	7	X31D
68	1	6	8	X31D
69	1	6	9	X31D
70	1	6	10	X31D
71	1	6	11	X31D
72	1	6	12	X31D
73	1	7	1	X31D
74	1	7	2	X31D
75	1	7	3	X31D
76	1	7	4	X31D
77	1	7	5	X31D
78	1	7	6	X31D
79	1	7	7	X31D
80	1	7	8	X31D
81	1	7	9	X31D
82	1	7	10	X31D
83	1	7	11	X31D
84	1	7	12	X31D
85	1	8	1	X31D
86	1	8	2	X31D
87	1	8	3	X31D
88	1	8	4	X31D
89	1	8	5	X31D
90	1	8	6	X31D
91	1	8	7	X31D
92	1	8	8	X31D
93	1	8	9	X31D
94	1	8	10	X31D
95	1	8	11	X31D
96	1	8	12	X31D
