ID	Block	Row	Column	Name
1	1	1	1	X31
2	1	1	2	X31
3	1	1	3	X31
4	1	1	4	X31
5	1	1	5	X31
6	1	1	6	X31
7	1	1	7	X31
8	1	1	8	X31
9	1	1	9	X31
10	1	1	10	X31
11	1	2	1	X31
12	1	2	2	X31
13	1	2	3	X31
14	1	2	4	X31
15	1	2	5	X31
16	1	2	6	X31
17	1	2	7	X31
18	1	2	8	X31
19	1	2	9	X31
20	1	2	10	X31
21	1	3	1	X31
22	1	3	2	X31
23	1	3	3	X31
24	1	3	4	X31
25	1	3	5	X31
26	1	3	6	X31
27	1	3	7	X31
28	1	3	8	X31
29	1	3	9	X31
30	1	3	10	X31
31	1	4	1	X31
32	1	4	2	X31
33	1	4	3	X31
34	1	4	4	X31
35	1	4	5	X31
36	1	4	6	X31
37	1	4	7	X31
38	1	4	8	X31
39	1	4	9	X31
40	1	4	10	X31
41	1	5	1	X31
42	1	5	2	X31
43	1	5	3	X31
44	1	5	4	X31
45	1	5	5	X31
46	1	5	6	X31
47	1	5	7	X31
48	1	5	8	X31
49	1	5	9	X31
50	1	5	10	X31
51	1	6	1	X31
52	1	6	2	X31
53	1	6	3	X31
54	1	6	4	X31
55	1	6	5	X31
56	1	6	6	X31
57	1	6	7	X31
58	1	6	8	X31
59	1	6	9	X31
60	1	6	10	X31
61	1	7	1	X31
62	1	7	2	X31
63	1	7	3	X31
64	1	7	4	X31
65	1	7	5	X31
66	1	7	6	X31
67	1	7	7	X31
68	1	7	8	X31
69	1	7	9	X31
70	1	7	10	X31
71	1	8	1	X31
72	1	8	2	X31
73	1	8	3	X31
74	1	8	4	X31
75	1	8	5	X31
76	1	8	6	X31
77	1	8	7	X31
78	1	8	8	X31
79	1	8	9	X31
80	1	8	10	X31
81	1	9	1	X31
82	1	9	2	X31
83	1	9	3	X31
84	1	9	4	X31
85	1	9	5	X31
86	1	9	6	X31
87	1	9	7	X31
88	1	9	8	X31
89	1	9	9	X31
90	1	9	10	X31
91	1	10	1	X31
92	1	10	2	X31
93	1	10	3	X31
94	1	10	4	X31
95	1	10	5	X31
96	1	10	6	X31
97	1	10	7	X31
98	1	10	8	X31
99	1	10	9	X31
100	1	10	10	X31
101	1	11	1	X31
102	1	11	2	X31
103	1	11	3	X31
104	1	11	4	X31
105	1	11	5	X31
106	1	11	6	X31
107	1	11	7	X31
108	1	11	8	X31
109	1	11	9	X31
110	1	11	10	X31
111	1	12	1	X31
112	1	12	2	X31
113	1	12	3	X31
114	1	12	4	X31
115	1	12	5	X31
116	1	12	6	X31
117	1	12	7	X31
118	1	12	8	X31
119	1	12	9	X31
120	1	12	10	X31
121	1	13	1	X31
122	1	13	2	X31
123	1	13	3	X31
124	1	13	4	X31
125	1	13	5	X31
126	1	13	6	X31
127	1	13	7	X31
128	1	13	8	X31
129	1	13	9	X31
130	1	13	10	X31
131	1	14	1	X31
132	1	14	2	X31
133	1	14	3	X31
134	1	14	4	X31
135	1	14	5	X31
136	1	14	6	X31
137	1	14	7	X31
138	1	14	8	X31
139	1	14	9	X31
140	1	14	10	X31
141	1	15	1	X31
142	1	15	2	X31
143	1	15	3	X31
144	1	15	4	X31
145	1	15	5	X31
146	1	15	6	X31
147	1	15	7	X31
148	1	15	8	X31
149	1	15	9	X31
150	1	15	10	X31
151	1	16	1	X31
152	1	16	2	X31
153	1	16	3	X31
154	1	16	4	X31
155	1	16	5	X31
156	1	16	6	X31
157	1	16	7	X31
158	1	16	8	X31
159	1	16	9	X31
160	1	16	10	X31
161	1	17	1	X31
162	1	17	2	X31
163	1	17	3	X31
164	1	17	4	X31
165	1	17	5	X31
166	1	17	6	X31
167	1	17	7	X31
168	1	17	8	X31
169	1	17	9	X31
170	1	17	10	X31
171	1	18	1	X31
172	1	18	2	X31
173	1	18	3	X31
174	1	18	4	X31
175	1	18	5	X31
176	1	18	6	X31
177	1	18	7	X31
178	1	18	8	X31
179	1	18	9	X31
180	1	18	10	X31
181	1	19	1	X31
182	1	19	2	X31
183	1	19	3	X31
184	1	19	4	X31
185	1	19	5	X31
186	1	19	6	X31
187	1	19	7	X31
188	1	19	8	X31
189	1	19	9	X31
190	1	19	10	X31
191	1	20	1	X31
192	1	20	2	X31
193	1	20	3	X31
194	1	20	4	X31
195	1	20	5	X31
196	1	20	6	X31
197	1	20	7	X31
198	1	20	8	X31
199	1	20	9	X31
200	1	20	10	X31
201	1	21	1	X31
202	1	21	2	X31
203	1	21	3	X31
204	1	21	4	X31
205	1	21	5	X31
206	1	21	6	X31
207	1	21	7	X31
208	1	21	8	X31
209	1	21	9	X31
210	1	21	10	X31
211	1	22	1	X31
212	1	22	2	X31
213	1	22	3	X31
214	1	22	4	X31
215	1	22	5	X31
216	1	22	6	X31
217	1	22	7	X31
218	1	22	8	X31
219	1	22	9	X31
220	1	22	10	X31
221	1	23	1	X31
222	1	23	2	X31
223	1	23	3	X31
224	1	23	4	X31
225	1	23	5	X31
226	1	23	6	X31
227	1	23	7	X31
228	1	23	8	X31
229	1	23	9	X31
230	1	23	10	X31
231	1	24	1	X31
232	1	24	2	X31
233	1	24	3	X31
234	1	24	4	X31
235	1	24	5	X31
236	1	24	6	X31
237	1	24	7	X31
238	1	24	8	X31
239	1	24	9	X31
240	1	24	10	X31
241	1	25	1	X31
242	1	25	2	X31
243	1	25	3	X31
244	1	25	4	X31
245	1	25	5	X31
246	1	25	6	X31
247	1	25	7	X31
248	1	25	8	X31
249	1	25	9	X31
250	1	25	10	X31
