ID	Block	Row	Column	Name
1	1	1	1	
2	1	1	2	
3	1	1	3	
4	1	1	4	
5	1	1	5	
6	1	1	6	
7	1	1	7	
8	1	1	8	
9	1	1	9	
10	1	1	10	
11	1	1	11	
12	1	1	12	
13	1	1	13	
14	1	1	14	
15	1	1	15	
16	1	2	1	
17	1	2	2	
18	1	2	3	
19	1	2	4	
20	1	2	5	
21	1	2	6	
22	1	2	7	
23	1	2	8	
24	1	2	9	
25	1	2	10	
26	1	2	11	
27	1	2	12	
28	1	2	13	
29	1	2	14	
30	1	2	15	
31	1	3	1	
32	1	3	2	
33	1	3	3	
34	1	3	4	
35	1	3	5	
36	1	3	6	
37	1	3	7	
38	1	3	8	
39	1	3	9	
40	1	3	10	
41	1	3	11	
42	1	3	12	
43	1	3	13	
44	1	3	14	
45	1	3	15	
46	1	4	1	
47	1	4	2	
48	1	4	3	
49	1	4	4	
50	1	4	5	
51	1	4	6	
52	1	4	7	
53	1	4	8	
54	1	4	9	
55	1	4	10	
56	1	4	11	
57	1	4	12	
58	1	4	13	
59	1	4	14	
60	1	4	15	
61	1	5	1	
62	1	5	2	
63	1	5	3	
64	1	5	4	
65	1	5	5	
66	1	5	6	
67	1	5	7	
68	1	5	8	
69	1	5	9	
70	1	5	10	
71	1	5	11	
72	1	5	12	
73	1	5	13	
74	1	5	14	
75	1	5	15	
76	1	6	1	
77	1	6	2	
78	1	6	3	
79	1	6	4	
80	1	6	5	
81	1	6	6	
82	1	6	7	
83	1	6	8	
84	1	6	9	
85	1	6	10	
86	1	6	11	
87	1	6	12	
88	1	6	13	
89	1	6	14	
90	1	6	15	
91	1	7	1	
92	1	7	2	
93	1	7	3	
94	1	7	4	
95	1	7	5	
96	1	7	6	
97	1	7	7	
98	1	7	8	
99	1	7	9	
100	1	7	10	
101	1	7	11	
102	1	7	12	
103	1	7	13	
104	1	7	14	
105	1	7	15	
106	1	8	1	
107	1	8	2	
108	1	8	3	
109	1	8	4	
110	1	8	5	
111	1	8	6	
112	1	8	7	
113	1	8	8	
114	1	8	9	
115	1	8	10	
116	1	8	11	
117	1	8	12	
118	1	8	13	
119	1	8	14	
120	1	8	15	
121	1	9	1	
122	1	9	2	
123	1	9	3	
124	1	9	4	
125	1	9	5	
126	1	9	6	
127	1	9	7	
128	1	9	8	
129	1	9	9	
130	1	9	10	
131	1	9	11	
132	1	9	12	
133	1	9	13	
134	1	9	14	
135	1	9	15	
136	1	10	1	
137	1	10	2	
138	1	10	3	
139	1	10	4	
140	1	10	5	
141	1	10	6	
142	1	10	7	
143	1	10	8	
144	1	10	9	
145	1	10	10	
146	1	10	11	
147	1	10	12	
148	1	10	13	
149	1	10	14	
150	1	10	15	
151	1	11	1	
152	1	11	2	
153	1	11	3	
154	1	11	4	
155	1	11	5	
156	1	11	6	
157	1	11	7	
158	1	11	8	
159	1	11	9	
160	1	11	10	
161	1	11	11	
162	1	11	12	
163	1	11	13	
164	1	11	14	
165	1	11	15	
166	1	12	1	
167	1	12	2	
168	1	12	3	
169	1	12	4	
170	1	12	5	
171	1	12	6	
172	1	12	7	
173	1	12	8	
174	1	12	9	
175	1	12	10	
176	1	12	11	
177	1	12	12	
178	1	12	13	
179	1	12	14	
180	1	12	15	
181	1	13	1	
182	1	13	2	
183	1	13	3	
184	1	13	4	
185	1	13	5	
186	1	13	6	
187	1	13	7	
188	1	13	8	
189	1	13	9	
190	1	13	10	
191	1	13	11	
192	1	13	12	
193	1	13	13	
194	1	13	14	
195	1	13	15	
196	1	14	1	
197	1	14	2	
198	1	14	3	
199	1	14	4	
200	1	14	5	
201	1	14	6	
202	1	14	7	
203	1	14	8	
204	1	14	9	
205	1	14	10	
206	1	14	11	
207	1	14	12	
208	1	14	13	
209	1	14	14	
210	1	14	15	
211	1	15	1	
212	1	15	2	
213	1	15	3	
214	1	15	4	
215	1	15	5	
216	1	15	6	
217	1	15	7	
218	1	15	8	
219	1	15	9	
220	1	15	10	
221	1	15	11	
222	1	15	12	
223	1	15	13	
224	1	15	14	
225	1	15	15	
226	1	16	1	
227	1	16	2	
228	1	16	3	
229	1	16	4	
230	1	16	5	
231	1	16	6	
232	1	16	7	
233	1	16	8	
234	1	16	9	
235	1	16	10	
236	1	16	11	
237	1	16	12	
238	1	16	13	
239	1	16	14	
240	1	16	15	
241	1	17	1	
242	1	17	2	
243	1	17	3	
244	1	17	4	
245	1	17	5	
246	1	17	6	
247	1	17	7	
248	1	17	8	
249	1	17	9	
250	1	17	10	
251	1	17	11	
252	1	17	12	
253	1	17	13	
254	1	17	14	
255	1	17	15	
256	1	18	1	
257	1	18	2	
258	1	18	3	
259	1	18	4	
260	1	18	5	
261	1	18	6	
262	1	18	7	
263	1	18	8	
264	1	18	9	
265	1	18	10	
266	1	18	11	
267	1	18	12	
268	1	18	13	
269	1	18	14	
270	1	18	15	
271	1	19	1	
272	1	19	2	
273	1	19	3	
274	1	19	4	
275	1	19	5	
276	1	19	6	
277	1	19	7	
278	1	19	8	
279	1	19	9	
280	1	19	10	
281	1	19	11	
282	1	19	12	
283	1	19	13	
284	1	19	14	
285	1	19	15	
286	1	20	1	
287	1	20	2	
288	1	20	3	
289	1	20	4	
290	1	20	5	
291	1	20	6	
292	1	20	7	
293	1	20	8	
294	1	20	9	
295	1	20	10	
296	1	20	11	
297	1	20	12	
298	1	20	13	
299	1	20	14	
300	1	20	15	
301	1	21	1	
302	1	21	2	
303	1	21	3	
304	1	21	4	
305	1	21	5	
306	1	21	6	
307	1	21	7	
308	1	21	8	
309	1	21	9	
310	1	21	10	
311	1	21	11	
312	1	21	12	
313	1	21	13	
314	1	21	14	
315	1	21	15	
316	1	22	1	
317	1	22	2	
318	1	22	3	
319	1	22	4	
320	1	22	5	
321	1	22	6	
322	1	22	7	
323	1	22	8	
324	1	22	9	
325	1	22	10	
326	1	22	11	
327	1	22	12	
328	1	22	13	
329	1	22	14	
330	1	22	15	
331	1	23	1	
332	1	23	2	
333	1	23	3	
334	1	23	4	
335	1	23	5	
336	1	23	6	
337	1	23	7	
338	1	23	8	
339	1	23	9	
340	1	23	10	
341	1	23	11	
342	1	23	12	
343	1	23	13	
344	1	23	14	
345	1	23	15	
346	1	24	1	
347	1	24	2	
348	1	24	3	
349	1	24	4	
350	1	24	5	
351	1	24	6	
352	1	24	7	
353	1	24	8	
354	1	24	9	
355	1	24	10	
356	1	24	11	
357	1	24	12	
358	1	24	13	
359	1	24	14	
360	1	24	15	
361	1	25	1	
362	1	25	2	
363	1	25	3	
364	1	25	4	
365	1	25	5	
366	1	25	6	
367	1	25	7	
368	1	25	8	
369	1	25	9	
370	1	25	10	
371	1	25	11	
372	1	25	12	
373	1	25	13	
374	1	25	14	
375	1	25	15	
376	1	26	1	
377	1	26	2	
378	1	26	3	
379	1	26	4	
380	1	26	5	
381	1	26	6	
382	1	26	7	
383	1	26	8	
384	1	26	9	
385	1	26	10	
386	1	26	11	
387	1	26	12	
388	1	26	13	
389	1	26	14	
390	1	26	15	
391	1	27	1	
392	1	27	2	
393	1	27	3	
394	1	27	4	
395	1	27	5	
396	1	27	6	
397	1	27	7	
398	1	27	8	
399	1	27	9	
400	1	27	10	
401	1	27	11	
402	1	27	12	
403	1	27	13	
404	1	27	14	
405	1	27	15	
406	1	28	1	
407	1	28	2	
408	1	28	3	
409	1	28	4	
410	1	28	5	
411	1	28	6	
412	1	28	7	
413	1	28	8	
414	1	28	9	
415	1	28	10	
416	1	28	11	
417	1	28	12	
418	1	28	13	
419	1	28	14	
420	1	28	15	
421	1	29	1	
422	1	29	2	
423	1	29	3	
424	1	29	4	
425	1	29	5	
426	1	29	6	
427	1	29	7	
428	1	29	8	
429	1	29	9	
430	1	29	10	
431	1	29	11	
432	1	29	12	
433	1	29	13	
434	1	29	14	
435	1	29	15	
436	1	30	1	
437	1	30	2	
438	1	30	3	
439	1	30	4	
440	1	30	5	
441	1	30	6	
442	1	30	7	
443	1	30	8	
444	1	30	9	
445	1	30	10	
446	1	30	11	
447	1	30	12	
448	1	30	13	
449	1	30	14	
450	1	30	15	
451	1	31	1	
452	1	31	2	
453	1	31	3	
454	1	31	4	
455	1	31	5	
456	1	31	6	
457	1	31	7	
458	1	31	8	
459	1	31	9	
460	1	31	10	
461	1	31	11	
462	1	31	12	
463	1	31	13	
464	1	31	14	
465	1	31	15	
466	1	32	1	
467	1	32	2	
468	1	32	3	
469	1	32	4	
470	1	32	5	
471	1	32	6	
472	1	32	7	
473	1	32	8	
474	1	32	9	
475	1	32	10	
476	1	32	11	
477	1	32	12	
478	1	32	13	
479	1	32	14	
480	1	32	15	
481	1	33	1	
482	1	33	2	
483	1	33	3	
484	1	33	4	
485	1	33	5	
486	1	33	6	
487	1	33	7	
488	1	33	8	
489	1	33	9	
490	1	33	10	
491	1	33	11	
492	1	33	12	
493	1	33	13	
494	1	33	14	
495	1	33	15	
496	1	34	1	
497	1	34	2	
498	1	34	3	
499	1	34	4	
500	1	34	5	
501	1	34	6	
502	1	34	7	
503	1	34	8	
504	1	34	9	
505	1	34	10	
506	1	34	11	
507	1	34	12	
508	1	34	13	
509	1	34	14	
510	1	34	15	
511	1	35	1	
512	1	35	2	
513	1	35	3	
514	1	35	4	
515	1	35	5	
516	1	35	6	
517	1	35	7	
518	1	35	8	
519	1	35	9	
520	1	35	10	
521	1	35	11	
522	1	35	12	
523	1	35	13	
524	1	35	14	
525	1	35	15	
526	1	36	1	
527	1	36	2	
528	1	36	3	
529	1	36	4	
530	1	36	5	
531	1	36	6	
532	1	36	7	
533	1	36	8	
534	1	36	9	
535	1	36	10	
536	1	36	11	
537	1	36	12	
538	1	36	13	
539	1	36	14	
540	1	36	15	
541	1	37	1	
542	1	37	2	
543	1	37	3	
544	1	37	4	
545	1	37	5	
546	1	37	6	
547	1	37	7	
548	1	37	8	
549	1	37	9	
550	1	37	10	
551	1	37	11	
552	1	37	12	
553	1	37	13	
554	1	37	14	
555	1	37	15	
556	1	38	1	
557	1	38	2	
558	1	38	3	
559	1	38	4	
560	1	38	5	
561	1	38	6	
562	1	38	7	
563	1	38	8	
564	1	38	9	
565	1	38	10	
566	1	38	11	
567	1	38	12	
568	1	38	13	
569	1	38	14	
570	1	38	15	
571	1	39	1	
572	1	39	2	
573	1	39	3	
574	1	39	4	
575	1	39	5	
576	1	39	6	
577	1	39	7	
578	1	39	8	
579	1	39	9	
580	1	39	10	
581	1	39	11	
582	1	39	12	
583	1	39	13	
584	1	39	14	
585	1	39	15	
586	1	40	1	
587	1	40	2	
588	1	40	3	
589	1	40	4	
590	1	40	5	
591	1	40	6	
592	1	40	7	
593	1	40	8	
594	1	40	9	
595	1	40	10	
596	1	40	11	
597	1	40	12	
598	1	40	13	
599	1	40	14	
600	1	40	15	
601	1	41	1	
602	1	41	2	
603	1	41	3	
604	1	41	4	
605	1	41	5	
606	1	41	6	
607	1	41	7	
608	1	41	8	
609	1	41	9	
610	1	41	10	
611	1	41	11	
612	1	41	12	
613	1	41	13	
614	1	41	14	
615	1	41	15	
616	1	42	1	
617	1	42	2	
618	1	42	3	
619	1	42	4	
620	1	42	5	
621	1	42	6	
622	1	42	7	
623	1	42	8	
624	1	42	9	
625	1	42	10	
626	1	42	11	
627	1	42	12	
628	1	42	13	
629	1	42	14	
630	1	42	15	
631	1	43	1	
632	1	43	2	
633	1	43	3	
634	1	43	4	
635	1	43	5	
636	1	43	6	
637	1	43	7	
638	1	43	8	
639	1	43	9	
640	1	43	10	
641	1	43	11	
642	1	43	12	
643	1	43	13	
644	1	43	14	
645	1	43	15	
646	1	44	1	
647	1	44	2	
648	1	44	3	
649	1	44	4	
650	1	44	5	
651	1	44	6	
652	1	44	7	
653	1	44	8	
654	1	44	9	
655	1	44	10	
656	1	44	11	
657	1	44	12	
658	1	44	13	
659	1	44	14	
660	1	44	15	
661	1	45	1	
662	1	45	2	
663	1	45	3	
664	1	45	4	
665	1	45	5	
666	1	45	6	
667	1	45	7	
668	1	45	8	
669	1	45	9	
670	1	45	10	
671	1	45	11	
672	1	45	12	
673	1	45	13	
674	1	45	14	
675	1	45	15	
676	1	46	1	
677	1	46	2	
678	1	46	3	
679	1	46	4	
680	1	46	5	
681	1	46	6	
682	1	46	7	
683	1	46	8	
684	1	46	9	
685	1	46	10	
686	1	46	11	
687	1	46	12	
688	1	46	13	
689	1	46	14	
690	1	46	15	
691	1	47	1	
692	1	47	2	
693	1	47	3	
694	1	47	4	
695	1	47	5	
696	1	47	6	
697	1	47	7	
698	1	47	8	
699	1	47	9	
700	1	47	10	
701	1	47	11	
702	1	47	12	
703	1	47	13	
704	1	47	14	
705	1	47	15	
706	1	48	1	
707	1	48	2	
708	1	48	3	
709	1	48	4	
710	1	48	5	
711	1	48	6	
712	1	48	7	
713	1	48	8	
714	1	48	9	
715	1	48	10	
716	1	48	11	
717	1	48	12	
718	1	48	13	
719	1	48	14	
720	1	48	15	
721	1	49	1	
722	1	49	2	
723	1	49	3	
724	1	49	4	
725	1	49	5	
726	1	49	6	
727	1	49	7	
728	1	49	8	
729	1	49	9	
730	1	49	10	
731	1	49	11	
732	1	49	12	
733	1	49	13	
734	1	49	14	
735	1	49	15	
736	1	50	1	
737	1	50	2	
738	1	50	3	
739	1	50	4	
740	1	50	5	
741	1	50	6	
742	1	50	7	
743	1	50	8	
744	1	50	9	
745	1	50	10	
746	1	50	11	
747	1	50	12	
748	1	50	13	
749	1	50	14	
750	1	50	15	
751	1	51	1	
752	1	51	2	
753	1	51	3	
754	1	51	4	
755	1	51	5	
756	1	51	6	
757	1	51	7	
758	1	51	8	
759	1	51	9	
760	1	51	10	
761	1	51	11	
762	1	51	12	
763	1	51	13	
764	1	51	14	
765	1	51	15	
766	1	52	1	
767	1	52	2	
768	1	52	3	
769	1	52	4	
770	1	52	5	
771	1	52	6	
772	1	52	7	
773	1	52	8	
774	1	52	9	
775	1	52	10	
776	1	52	11	
777	1	52	12	
778	1	52	13	
779	1	52	14	
780	1	52	15	
781	1	53	1	
782	1	53	2	
783	1	53	3	
784	1	53	4	
785	1	53	5	
786	1	53	6	
787	1	53	7	
788	1	53	8	
789	1	53	9	
790	1	53	10	
791	1	53	11	
792	1	53	12	
793	1	53	13	
794	1	53	14	
795	1	53	15	
796	1	54	1	
797	1	54	2	
798	1	54	3	
799	1	54	4	
800	1	54	5	
801	1	54	6	
802	1	54	7	
803	1	54	8	
804	1	54	9	
805	1	54	10	
806	1	54	11	
807	1	54	12	
808	1	54	13	
809	1	54	14	
810	1	54	15	
811	1	55	1	
812	1	55	2	
813	1	55	3	
814	1	55	4	
815	1	55	5	
816	1	55	6	
817	1	55	7	
818	1	55	8	
819	1	55	9	
820	1	55	10	
821	1	55	11	
822	1	55	12	
823	1	55	13	
824	1	55	14	
825	1	55	15	
826	1	56	1	
827	1	56	2	
828	1	56	3	
829	1	56	4	
830	1	56	5	
831	1	56	6	
832	1	56	7	
833	1	56	8	
834	1	56	9	
835	1	56	10	
836	1	56	11	
837	1	56	12	
838	1	56	13	
839	1	56	14	
840	1	56	15	
841	1	57	1	
842	1	57	2	
843	1	57	3	
844	1	57	4	
845	1	57	5	
846	1	57	6	
847	1	57	7	
848	1	57	8	
849	1	57	9	
850	1	57	10	
851	1	57	11	
852	1	57	12	
853	1	57	13	
854	1	57	14	
855	1	57	15	
