ID	Block	Row	Column	Name
1	1	1	1	Cal
2	1	1	2	Cal
3	1	1	3	Cal
4	1	1	4	Cal
5	1	1	5	Cal
6	1	1	6	Cal
7	1	1	7	Cal
8	1	1	8	Cal
9	1	1	9	Cal
10	1	1	10	Cal
11	1	1	11	Cal
12	1	1	12	Cal
13	1	1	13	Cal
14	1	1	14	Cal
15	1	1	15	Cal
16	1	2	1	Cal
17	1	2	2	Cal
18	1	2	3	Cal
19	1	2	4	Cal
20	1	2	5	Cal
21	1	2	6	Cal
22	1	2	7	Cal
23	1	2	8	Cal
24	1	2	9	Cal
25	1	2	10	Cal
26	1	2	11	Cal
27	1	2	12	Cal
28	1	2	13	Cal
29	1	2	14	Cal
30	1	2	15	Cal
31	1	3	1	Cal
32	1	3	2	Cal
33	1	3	3	Cal
34	1	3	4	Cal
35	1	3	5	Cal
36	1	3	6	Cal
37	1	3	7	Cal
38	1	3	8	Cal
39	1	3	9	Cal
40	1	3	10	Cal
41	1	3	11	Cal
42	1	3	12	Cal
43	1	3	13	Cal
44	1	3	14	Cal
45	1	3	15	Cal
46	1	4	1	Cal
47	1	4	2	Cal
48	1	4	3	Cal
49	1	4	4	Cal
50	1	4	5	Cal
51	1	4	6	Cal
52	1	4	7	Cal
53	1	4	8	Cal
54	1	4	9	Cal
55	1	4	10	Cal
56	1	4	11	Cal
57	1	4	12	Cal
58	1	4	13	Cal
59	1	4	14	Cal
60	1	4	15	Cal
61	1	5	1	Cal
62	1	5	2	Cal
63	1	5	3	Cal
64	1	5	4	Cal
65	1	5	5	Cal
66	1	5	6	Cal
67	1	5	7	Cal
68	1	5	8	Cal
69	1	5	9	Cal
70	1	5	10	Cal
71	1	5	11	Cal
72	1	5	12	Cal
73	1	5	13	Cal
74	1	5	14	Cal
75	1	5	15	Cal
76	1	6	1	Cal
77	1	6	2	Cal
78	1	6	3	Cal
79	1	6	4	Cal
80	1	6	5	Cal
81	1	6	6	Cal
82	1	6	7	Cal
83	1	6	8	Cal
84	1	6	9	Cal
85	1	6	10	Cal
86	1	6	11	Cal
87	1	6	12	Cal
88	1	6	13	Cal
89	1	6	14	Cal
90	1	6	15	Cal
91	1	7	1	Cal
92	1	7	2	Cal
93	1	7	3	Cal
94	1	7	4	Cal
95	1	7	5	Cal
96	1	7	6	Cal
97	1	7	7	Cal
98	1	7	8	Cal
99	1	7	9	Cal
100	1	7	10	Cal
101	1	7	11	Cal
102	1	7	12	Cal
103	1	7	13	Cal
104	1	7	14	Cal
105	1	7	15	Cal
106	1	8	1	Cal
107	1	8	2	Cal
108	1	8	3	Cal
109	1	8	4	Cal
110	1	8	5	Cal
111	1	8	6	Cal
112	1	8	7	Cal
113	1	8	8	Cal
114	1	8	9	Cal
115	1	8	10	Cal
116	1	8	11	Cal
117	1	8	12	Cal
118	1	8	13	Cal
119	1	8	14	Cal
120	1	8	15	Cal
121	1	9	1	Cal
122	1	9	2	Cal
123	1	9	3	Cal
124	1	9	4	Cal
125	1	9	5	Cal
126	1	9	6	Cal
127	1	9	7	Cal
128	1	9	8	Cal
129	1	9	9	Cal
130	1	9	10	Cal
131	1	9	11	Cal
132	1	9	12	Cal
133	1	9	13	Cal
134	1	9	14	Cal
135	1	9	15	Cal
136	1	10	1	Cal
137	1	10	2	Cal
138	1	10	3	Cal
139	1	10	4	Cal
140	1	10	5	Cal
141	1	10	6	Cal
142	1	10	7	Cal
143	1	10	8	Cal
144	1	10	9	Cal
145	1	10	10	Cal
146	1	10	11	Cal
147	1	10	12	Cal
148	1	10	13	Cal
149	1	10	14	Cal
150	1	10	15	Cal
151	1	11	1	Cal
152	1	11	2	Cal
153	1	11	3	Cal
154	1	11	4	Cal
155	1	11	5	Cal
156	1	11	6	Cal
157	1	11	7	Cal
158	1	11	8	Cal
159	1	11	9	Cal
160	1	11	10	Cal
161	1	11	11	Cal
162	1	11	12	Cal
163	1	11	13	Cal
164	1	11	14	Cal
165	1	11	15	Cal
166	1	12	1	Cal
167	1	12	2	Cal
168	1	12	3	Cal
169	1	12	4	Cal
170	1	12	5	Cal
171	1	12	6	Cal
172	1	12	7	Cal
173	1	12	8	Cal
174	1	12	9	Cal
175	1	12	10	Cal
176	1	12	11	Cal
177	1	12	12	Cal
178	1	12	13	Cal
179	1	12	14	Cal
180	1	12	15	Cal
181	1	13	1	Cal
182	1	13	2	Cal
183	1	13	3	Cal
184	1	13	4	Cal
185	1	13	5	Cal
186	1	13	6	Cal
187	1	13	7	Cal
188	1	13	8	Cal
189	1	13	9	Cal
190	1	13	10	Cal
191	1	13	11	Cal
192	1	13	12	Cal
193	1	13	13	Cal
194	1	13	14	Cal
195	1	13	15	Cal
196	1	14	1	Cal
197	1	14	2	Cal
198	1	14	3	Cal
199	1	14	4	Cal
200	1	14	5	Cal
201	1	14	6	Cal
202	1	14	7	Cal
203	1	14	8	Cal
204	1	14	9	Cal
205	1	14	10	Cal
206	1	14	11	Cal
207	1	14	12	Cal
208	1	14	13	Cal
209	1	14	14	Cal
210	1	14	15	Cal
211	1	15	1	Cal
212	1	15	2	Cal
213	1	15	3	Cal
214	1	15	4	Cal
215	1	15	5	Cal
216	1	15	6	Cal
217	1	15	7	Cal
218	1	15	8	Cal
219	1	15	9	Cal
220	1	15	10	Cal
221	1	15	11	Cal
222	1	15	12	Cal
223	1	15	13	Cal
224	1	15	14	Cal
225	1	15	15	Cal
226	1	16	1	Cal
227	1	16	2	Cal
228	1	16	3	Cal
229	1	16	4	Cal
230	1	16	5	Cal
231	1	16	6	Cal
232	1	16	7	Cal
233	1	16	8	Cal
234	1	16	9	Cal
235	1	16	10	Cal
236	1	16	11	Cal
237	1	16	12	Cal
238	1	16	13	Cal
239	1	16	14	Cal
240	1	16	15	Cal
241	1	17	1	Cal
242	1	17	2	Cal
243	1	17	3	Cal
244	1	17	4	Cal
245	1	17	5	Cal
246	1	17	6	Cal
247	1	17	7	Cal
248	1	17	8	Cal
249	1	17	9	Cal
250	1	17	10	Cal
251	1	17	11	Cal
252	1	17	12	Cal
253	1	17	13	Cal
254	1	17	14	Cal
255	1	17	15	Cal
256	1	18	1	Cal
257	1	18	2	Cal
258	1	18	3	Cal
259	1	18	4	Cal
260	1	18	5	Cal
261	1	18	6	Cal
262	1	18	7	Cal
263	1	18	8	Cal
264	1	18	9	Cal
265	1	18	10	Cal
266	1	18	11	Cal
267	1	18	12	Cal
268	1	18	13	Cal
269	1	18	14	Cal
270	1	18	15	Cal
271	1	19	1	Cal
272	1	19	2	Cal
273	1	19	3	Cal
274	1	19	4	Cal
275	1	19	5	Cal
276	1	19	6	Cal
277	1	19	7	Cal
278	1	19	8	Cal
279	1	19	9	Cal
280	1	19	10	Cal
281	1	19	11	Cal
282	1	19	12	Cal
283	1	19	13	Cal
284	1	19	14	Cal
285	1	19	15	Cal
286	1	20	1	Cal
287	1	20	2	Cal
288	1	20	3	Cal
289	1	20	4	Cal
290	1	20	5	Cal
291	1	20	6	Cal
292	1	20	7	Cal
293	1	20	8	Cal
294	1	20	9	Cal
295	1	20	10	Cal
296	1	20	11	Cal
297	1	20	12	Cal
298	1	20	13	Cal
299	1	20	14	Cal
300	1	20	15	Cal
301	1	21	1	Cal
302	1	21	2	Cal
303	1	21	3	Cal
304	1	21	4	Cal
305	1	21	5	Cal
306	1	21	6	Cal
307	1	21	7	Cal
308	1	21	8	Cal
309	1	21	9	Cal
310	1	21	10	Cal
311	1	21	11	Cal
312	1	21	12	Cal
313	1	21	13	Cal
314	1	21	14	Cal
315	1	21	15	Cal
316	1	22	1	Cal
317	1	22	2	Cal
318	1	22	3	Cal
319	1	22	4	Cal
320	1	22	5	Cal
321	1	22	6	Cal
322	1	22	7	Cal
323	1	22	8	Cal
324	1	22	9	Cal
325	1	22	10	Cal
326	1	22	11	Cal
327	1	22	12	Cal
328	1	22	13	Cal
329	1	22	14	Cal
330	1	22	15	Cal
331	1	23	1	Cal
332	1	23	2	Cal
333	1	23	3	Cal
334	1	23	4	Cal
335	1	23	5	Cal
336	1	23	6	Cal
337	1	23	7	Cal
338	1	23	8	Cal
339	1	23	9	Cal
340	1	23	10	Cal
341	1	23	11	Cal
342	1	23	12	Cal
343	1	23	13	Cal
344	1	23	14	Cal
345	1	23	15	Cal
346	1	24	1	Cal
347	1	24	2	Cal
348	1	24	3	Cal
349	1	24	4	Cal
350	1	24	5	Cal
351	1	24	6	Cal
352	1	24	7	Cal
353	1	24	8	Cal
354	1	24	9	Cal
355	1	24	10	Cal
356	1	24	11	Cal
357	1	24	12	Cal
358	1	24	13	Cal
359	1	24	14	Cal
360	1	24	15	Cal
361	1	25	1	Cal
362	1	25	2	Cal
363	1	25	3	Cal
364	1	25	4	Cal
365	1	25	5	Cal
366	1	25	6	Cal
367	1	25	7	Cal
368	1	25	8	Cal
369	1	25	9	Cal
370	1	25	10	Cal
371	1	25	11	Cal
372	1	25	12	Cal
373	1	25	13	Cal
374	1	25	14	Cal
375	1	25	15	Cal
376	1	26	1	Cal
377	1	26	2	Cal
378	1	26	3	Cal
379	1	26	4	Cal
380	1	26	5	Cal
381	1	26	6	Cal
382	1	26	7	Cal
383	1	26	8	Cal
384	1	26	9	Cal
385	1	26	10	Cal
386	1	26	11	Cal
387	1	26	12	Cal
388	1	26	13	Cal
389	1	26	14	Cal
390	1	26	15	Cal
391	1	27	1	Cal
392	1	27	2	Cal
393	1	27	3	Cal
394	1	27	4	Cal
395	1	27	5	Cal
396	1	27	6	Cal
397	1	27	7	Cal
398	1	27	8	Cal
399	1	27	9	Cal
400	1	27	10	Cal
401	1	27	11	Cal
402	1	27	12	Cal
403	1	27	13	Cal
404	1	27	14	Cal
405	1	27	15	Cal
406	1	28	1	Cal
407	1	28	2	Cal
408	1	28	3	Cal
409	1	28	4	Cal
410	1	28	5	Cal
411	1	28	6	Cal
412	1	28	7	Cal
413	1	28	8	Cal
414	1	28	9	Cal
415	1	28	10	Cal
416	1	28	11	Cal
417	1	28	12	Cal
418	1	28	13	Cal
419	1	28	14	Cal
420	1	28	15	Cal
421	1	29	1	Cal
422	1	29	2	Cal
423	1	29	3	Cal
424	1	29	4	Cal
425	1	29	5	Cal
426	1	29	6	Cal
427	1	29	7	Cal
428	1	29	8	Cal
429	1	29	9	Cal
430	1	29	10	Cal
431	1	29	11	Cal
432	1	29	12	Cal
433	1	29	13	Cal
434	1	29	14	Cal
435	1	29	15	Cal
436	1	30	1	Cal
437	1	30	2	Cal
438	1	30	3	Cal
439	1	30	4	Cal
440	1	30	5	Cal
441	1	30	6	Cal
442	1	30	7	Cal
443	1	30	8	Cal
444	1	30	9	Cal
445	1	30	10	Cal
446	1	30	11	Cal
447	1	30	12	Cal
448	1	30	13	Cal
449	1	30	14	Cal
450	1	30	15	Cal
451	1	31	1	Cal
452	1	31	2	Cal
453	1	31	3	Cal
454	1	31	4	Cal
455	1	31	5	Cal
456	1	31	6	Cal
457	1	31	7	Cal
458	1	31	8	Cal
459	1	31	9	Cal
460	1	31	10	Cal
461	1	31	11	Cal
462	1	31	12	Cal
463	1	31	13	Cal
464	1	31	14	Cal
465	1	31	15	Cal
466	1	32	1	Cal
467	1	32	2	Cal
468	1	32	3	Cal
469	1	32	4	Cal
470	1	32	5	Cal
471	1	32	6	Cal
472	1	32	7	Cal
473	1	32	8	Cal
474	1	32	9	Cal
475	1	32	10	Cal
476	1	32	11	Cal
477	1	32	12	Cal
478	1	32	13	Cal
479	1	32	14	Cal
480	1	32	15	Cal
481	1	33	1	Cal
482	1	33	2	Cal
483	1	33	3	Cal
484	1	33	4	Cal
485	1	33	5	Cal
486	1	33	6	Cal
487	1	33	7	Cal
488	1	33	8	Cal
489	1	33	9	Cal
490	1	33	10	Cal
491	1	33	11	Cal
492	1	33	12	Cal
493	1	33	13	Cal
494	1	33	14	Cal
495	1	33	15	Cal
496	1	34	1	Cal
497	1	34	2	Cal
498	1	34	3	Cal
499	1	34	4	Cal
500	1	34	5	Cal
501	1	34	6	Cal
502	1	34	7	Cal
503	1	34	8	Cal
504	1	34	9	Cal
505	1	34	10	Cal
506	1	34	11	Cal
507	1	34	12	Cal
508	1	34	13	Cal
509	1	34	14	Cal
510	1	34	15	Cal
511	1	35	1	Cal
512	1	35	2	Cal
513	1	35	3	Cal
514	1	35	4	Cal
515	1	35	5	Cal
516	1	35	6	Cal
517	1	35	7	Cal
518	1	35	8	Cal
519	1	35	9	Cal
520	1	35	10	Cal
521	1	35	11	Cal
522	1	35	12	Cal
523	1	35	13	Cal
524	1	35	14	Cal
525	1	35	15	Cal
526	1	36	1	Cal
527	1	36	2	Cal
528	1	36	3	Cal
529	1	36	4	Cal
530	1	36	5	Cal
531	1	36	6	Cal
532	1	36	7	Cal
533	1	36	8	Cal
534	1	36	9	Cal
535	1	36	10	Cal
536	1	36	11	Cal
537	1	36	12	Cal
538	1	36	13	Cal
539	1	36	14	Cal
540	1	36	15	Cal
541	1	37	1	Cal
542	1	37	2	Cal
543	1	37	3	Cal
544	1	37	4	Cal
545	1	37	5	Cal
546	1	37	6	Cal
547	1	37	7	Cal
548	1	37	8	Cal
549	1	37	9	Cal
550	1	37	10	Cal
551	1	37	11	Cal
552	1	37	12	Cal
553	1	37	13	Cal
554	1	37	14	Cal
555	1	37	15	Cal
556	1	38	1	Cal
557	1	38	2	Cal
558	1	38	3	Cal
559	1	38	4	Cal
560	1	38	5	Cal
561	1	38	6	Cal
562	1	38	7	Cal
563	1	38	8	Cal
564	1	38	9	Cal
565	1	38	10	Cal
566	1	38	11	Cal
567	1	38	12	Cal
568	1	38	13	Cal
569	1	38	14	Cal
570	1	38	15	Cal
571	1	39	1	Cal
572	1	39	2	Cal
573	1	39	3	Cal
574	1	39	4	Cal
575	1	39	5	Cal
576	1	39	6	Cal
577	1	39	7	Cal
578	1	39	8	Cal
579	1	39	9	Cal
580	1	39	10	Cal
581	1	39	11	Cal
582	1	39	12	Cal
583	1	39	13	Cal
584	1	39	14	Cal
585	1	39	15	Cal
586	1	40	1	Cal
587	1	40	2	Cal
588	1	40	3	Cal
589	1	40	4	Cal
590	1	40	5	Cal
591	1	40	6	Cal
592	1	40	7	Cal
593	1	40	8	Cal
594	1	40	9	Cal
595	1	40	10	Cal
596	1	40	11	Cal
597	1	40	12	Cal
598	1	40	13	Cal
599	1	40	14	Cal
600	1	40	15	Cal
601	1	41	1	Cal
602	1	41	2	Cal
603	1	41	3	Cal
604	1	41	4	Cal
605	1	41	5	Cal
606	1	41	6	Cal
607	1	41	7	Cal
608	1	41	8	Cal
609	1	41	9	Cal
610	1	41	10	Cal
611	1	41	11	Cal
612	1	41	12	Cal
613	1	41	13	Cal
614	1	41	14	Cal
615	1	41	15	Cal
616	1	42	1	Cal
617	1	42	2	Cal
618	1	42	3	Cal
619	1	42	4	Cal
620	1	42	5	Cal
621	1	42	6	Cal
622	1	42	7	Cal
623	1	42	8	Cal
624	1	42	9	Cal
625	1	42	10	Cal
626	1	42	11	Cal
627	1	42	12	Cal
628	1	42	13	Cal
629	1	42	14	Cal
630	1	42	15	Cal
631	1	43	1	Cal
632	1	43	2	Cal
633	1	43	3	Cal
634	1	43	4	Cal
635	1	43	5	Cal
636	1	43	6	Cal
637	1	43	7	Cal
638	1	43	8	Cal
639	1	43	9	Cal
640	1	43	10	Cal
641	1	43	11	Cal
642	1	43	12	Cal
643	1	43	13	Cal
644	1	43	14	Cal
645	1	43	15	Cal
646	1	44	1	Cal
647	1	44	2	Cal
648	1	44	3	Cal
649	1	44	4	Cal
650	1	44	5	Cal
651	1	44	6	Cal
652	1	44	7	Cal
653	1	44	8	Cal
654	1	44	9	Cal
655	1	44	10	Cal
656	1	44	11	Cal
657	1	44	12	Cal
658	1	44	13	Cal
659	1	44	14	Cal
660	1	44	15	Cal
661	1	45	1	Cal
662	1	45	2	Cal
663	1	45	3	Cal
664	1	45	4	Cal
665	1	45	5	Cal
666	1	45	6	Cal
667	1	45	7	Cal
668	1	45	8	Cal
669	1	45	9	Cal
670	1	45	10	Cal
671	1	45	11	Cal
672	1	45	12	Cal
673	1	45	13	Cal
674	1	45	14	Cal
675	1	45	15	Cal
676	1	46	1	Cal
677	1	46	2	Cal
678	1	46	3	Cal
679	1	46	4	Cal
680	1	46	5	Cal
681	1	46	6	Cal
682	1	46	7	Cal
683	1	46	8	Cal
684	1	46	9	Cal
685	1	46	10	Cal
686	1	46	11	Cal
687	1	46	12	Cal
688	1	46	13	Cal
689	1	46	14	Cal
690	1	46	15	Cal
691	1	47	1	Cal
692	1	47	2	Cal
693	1	47	3	Cal
694	1	47	4	Cal
695	1	47	5	Cal
696	1	47	6	Cal
697	1	47	7	Cal
698	1	47	8	Cal
699	1	47	9	Cal
700	1	47	10	Cal
701	1	47	11	Cal
702	1	47	12	Cal
703	1	47	13	Cal
704	1	47	14	Cal
705	1	47	15	Cal
706	1	48	1	Cal
707	1	48	2	Cal
708	1	48	3	Cal
709	1	48	4	Cal
710	1	48	5	Cal
711	1	48	6	Cal
712	1	48	7	Cal
713	1	48	8	Cal
714	1	48	9	Cal
715	1	48	10	Cal
716	1	48	11	Cal
717	1	48	12	Cal
718	1	48	13	Cal
719	1	48	14	Cal
720	1	48	15	Cal
721	1	49	1	Cal
722	1	49	2	Cal
723	1	49	3	Cal
724	1	49	4	Cal
725	1	49	5	Cal
726	1	49	6	Cal
727	1	49	7	Cal
728	1	49	8	Cal
729	1	49	9	Cal
730	1	49	10	Cal
731	1	49	11	Cal
732	1	49	12	Cal
733	1	49	13	Cal
734	1	49	14	Cal
735	1	49	15	Cal
736	1	50	1	Cal
737	1	50	2	Cal
738	1	50	3	Cal
739	1	50	4	Cal
740	1	50	5	Cal
741	1	50	6	Cal
742	1	50	7	Cal
743	1	50	8	Cal
744	1	50	9	Cal
745	1	50	10	Cal
746	1	50	11	Cal
747	1	50	12	Cal
748	1	50	13	Cal
749	1	50	14	Cal
750	1	50	15	Cal
751	1	51	1	Cal
752	1	51	2	Cal
753	1	51	3	Cal
754	1	51	4	Cal
755	1	51	5	Cal
756	1	51	6	Cal
757	1	51	7	Cal
758	1	51	8	Cal
759	1	51	9	Cal
760	1	51	10	Cal
761	1	51	11	Cal
762	1	51	12	Cal
763	1	51	13	Cal
764	1	51	14	Cal
765	1	51	15	Cal
766	1	52	1	Cal
767	1	52	2	Cal
768	1	52	3	Cal
769	1	52	4	Cal
770	1	52	5	Cal
771	1	52	6	Cal
772	1	52	7	Cal
773	1	52	8	Cal
774	1	52	9	Cal
775	1	52	10	Cal
776	1	52	11	Cal
777	1	52	12	Cal
778	1	52	13	Cal
779	1	52	14	Cal
780	1	52	15	Cal
781	1	53	1	Cal
782	1	53	2	Cal
783	1	53	3	Cal
784	1	53	4	Cal
785	1	53	5	Cal
786	1	53	6	Cal
787	1	53	7	Cal
788	1	53	8	Cal
789	1	53	9	Cal
790	1	53	10	Cal
791	1	53	11	Cal
792	1	53	12	Cal
793	1	53	13	Cal
794	1	53	14	Cal
795	1	53	15	Cal
796	1	54	1	Cal
797	1	54	2	Cal
798	1	54	3	Cal
799	1	54	4	Cal
800	1	54	5	Cal
801	1	54	6	Cal
802	1	54	7	Cal
803	1	54	8	Cal
804	1	54	9	Cal
805	1	54	10	Cal
806	1	54	11	Cal
807	1	54	12	Cal
808	1	54	13	Cal
809	1	54	14	Cal
810	1	54	15	Cal
811	1	55	1	Cal
812	1	55	2	Cal
813	1	55	3	Cal
814	1	55	4	Cal
815	1	55	5	Cal
816	1	55	6	Cal
817	1	55	7	Cal
818	1	55	8	Cal
819	1	55	9	Cal
820	1	55	10	Cal
821	1	55	11	Cal
822	1	55	12	Cal
823	1	55	13	Cal
824	1	55	14	Cal
825	1	55	15	Cal
826	1	56	1	Cal
827	1	56	2	Cal
828	1	56	3	Cal
829	1	56	4	Cal
830	1	56	5	Cal
831	1	56	6	Cal
832	1	56	7	Cal
833	1	56	8	Cal
834	1	56	9	Cal
835	1	56	10	Cal
836	1	56	11	Cal
837	1	56	12	Cal
838	1	56	13	Cal
839	1	56	14	Cal
840	1	56	15	Cal
841	1	57	1	Cal
842	1	57	2	Cal
843	1	57	3	Cal
844	1	57	4	Cal
845	1	57	5	Cal
846	1	57	6	Cal
847	1	57	7	Cal
848	1	57	8	Cal
849	1	57	9	Cal
850	1	57	10	Cal
851	1	57	11	Cal
852	1	57	12	Cal
853	1	57	13	Cal
854	1	57	14	Cal
855	1	57	15	Cal
