ID	Block	Row	Column	Name
1	1	1	1	LF
2	1	1	2	LF
3	1	1	3	LF
4	1	1	4	LF
5	1	1	5	LF
6	1	1	6	LF
7	1	1	7	LF
8	1	1	8	LF
9	1	1	9	LF
10	1	1	10	LF
11	1	1	11	blank
12	1	1	12	blank
13	1	1	13	blank
14	1	1	14	blank
15	1	1	15	blank
16	1	2	1	Pep_80
17	1	2	2	Pep_81
18	1	2	3	Pep_82
19	1	2	4	Pep_83
20	1	2	5	Pep_84
21	1	2	6	Pep_86
22	1	2	7	Pep_88
23	1	2	8	Pep_89
24	1	2	9	Pep_90
25	1	2	10	LF
26	1	2	11	Pep_91
27	1	2	12	Pep_94
28	1	2	13	Pep_95
29	1	2	14	Pep_96
30	1	2	15	Pep_98
31	1	3	1	Pep_90
32	1	3	2	Pep_100
33	1	3	3	Pep_101
34	1	3	4	Pep_102
35	1	3	5	Pep_103
36	1	3	6	LF
37	1	3	7	Pep_104
38	1	3	8	Pep_105
39	1	3	9	Pep_106
40	1	3	10	Pep_7
41	1	3	11	Pep_8
42	1	3	12	Pep_9
43	1	3	13	Pep_10
44	1	3	14	Pep_12
45	1	3	15	Pep_13
46	1	4	1	Nenad
47	1	4	2	LF
48	1	4	3	Pep_43
49	1	4	4	Pep_44
50	1	4	5	Pep_45 III
51	1	4	6	Pep_47
52	1	4	7	Pep_48
53	1	4	8	Pep_50
54	1	4	9	Pep_52
55	1	4	10	Pep_54
56	1	4	11	Pep_55
57	1	4	12	Pep_56
58	1	4	13	Pep_57
59	1	4	14	Pep_59
60	1	4	15	Pep_60
61	1	5	1	Pep_61
62	1	5	2	Pep_63
63	1	5	3	Pep_65
64	1	5	4	Pep_66
65	1	5	5	Pep_67
66	1	5	6	Pep_68
67	1	5	7	Pep_69
68	1	5	8	LF
69	1	5	9	Pep_70
70	1	5	10	Pep_71
71	1	5	11	Pep_72
72	1	5	12	Pep_73
73	1	5	13	Pep_74
74	1	5	14	Pep_75
75	1	5	15	Pep_76
76	1	6	1	Pep_77
77	1	6	2	Pep_136
78	1	6	3	Pep_131.2
79	1	6	4	LF
80	1	6	5	Pep_114
81	1	6	6	Pep_115
82	1	6	7	Pep_131.1
83	1	6	8	Pep_132
84	1	6	9	Pep_133
85	1	6	10	Pep_116
86	1	6	11	Pep_134
87	1	6	12	Pep_117
88	1	6	13	Pep_118
89	1	6	14	Pep_119
90	1	6	15	Pep_128
91	1	7	1	Pep_135
92	1	7	2	LF
93	1	7	3	Pep_120
94	1	7	4	Pep_121
95	1	7	5	Pep_122
96	1	7	6	Pep_123
97	1	7	7	Pep_124
98	1	7	8	Pep_125
99	1	7	9	Pep_130
100	1	7	10	Pep_127
101	1	7	11	Kloes?re
102	1	7	12	Kloeamind
103	1	7	13	AK x31 3125
104	1	7	14	AK Cal 28666
105	1	7	15	AK Cal 28667
106	1	8	1	blank
107	1	8	2	blank
108	1	8	3	blank
109	1	8	4	Pep_80
110	1	8	5	Pep_81
111	1	8	6	Pep_82
112	1	8	7	Pep_83
113	1	8	8	Pep_84
114	1	8	9	Pep_86
115	1	8	10	Pep_88
116	1	8	11	Pep_89
117	1	8	12	Pep_90
118	1	8	13	LF
119	1	8	14	Pep_91
120	1	8	15	Pep_94
121	1	9	1	Pep_95
122	1	9	2	Pep_96
123	1	9	3	Pep_98
124	1	9	4	Pep_90
125	1	9	5	Pep_100
126	1	9	6	Pep_101
127	1	9	7	Pep_102
128	1	9	8	Pep_103
129	1	9	9	LF
130	1	9	10	Pep_104
131	1	9	11	Pep_105
132	1	9	12	Pep_106
133	1	9	13	Pep_7
134	1	9	14	Pep_8
135	1	9	15	Pep_9
136	1	10	1	Pep_10
137	1	10	2	Pep_12
138	1	10	3	Pep_13
139	1	10	4	Nenad
140	1	10	5	LF
141	1	10	6	Pep_43
142	1	10	7	Pep_44
143	1	10	8	Pep_45 III
144	1	10	9	Pep_47
145	1	10	10	Pep_48
146	1	10	11	Pep_50
147	1	10	12	Pep_52
148	1	10	13	Pep_54
149	1	10	14	Pep_55
150	1	10	15	Pep_56
151	1	11	1	Pep_57
152	1	11	2	Pep_59
153	1	11	3	Pep_60
154	1	11	4	Pep_61
155	1	11	5	Pep_63
156	1	11	6	Pep_65
157	1	11	7	Pep_66
158	1	11	8	Pep_67
159	1	11	9	Pep_68
160	1	11	10	Pep_69
161	1	11	11	LF
162	1	11	12	Pep_70
163	1	11	13	Pep_71
164	1	11	14	Pep_72
165	1	11	15	Pep_73
166	1	12	1	Pep_74
167	1	12	2	Pep_75
168	1	12	3	Pep_76
169	1	12	4	Pep_77
170	1	12	5	Pep_136
171	1	12	6	Pep_131.2
172	1	12	7	LF
173	1	12	8	Pep_114
174	1	12	9	Pep_115
175	1	12	10	Pep_131.1
176	1	12	11	Pep_132
177	1	12	12	Pep_133
178	1	12	13	Pep_116
179	1	12	14	Pep_134
180	1	12	15	Pep_117
181	1	13	1	Pep_118
182	1	13	2	Pep_119
183	1	13	3	Pep_128
184	1	13	4	Pep_135
185	1	13	5	LF
186	1	13	6	Pep_120
187	1	13	7	Pep_121
188	1	13	8	Pep_122
189	1	13	9	Pep_123
190	1	13	10	Pep_124
191	1	13	11	Pep_125
192	1	13	12	Pep_130
193	1	13	13	Pep_127
194	1	13	14	Kloes?re
195	1	13	15	Kloeamind
196	1	14	1	AK x31 3125
197	1	14	2	AK Cal 28666
198	1	14	3	AK Cal 28667
199	1	14	4	blank
200	1	14	5	blank
201	1	14	6	blank
202	1	14	7	Pep_80
203	1	14	8	Pep_81
204	1	14	9	Pep_82
205	1	14	10	Pep_83
206	1	14	11	Pep_84
207	1	14	12	Pep_86
208	1	14	13	Pep_88
209	1	14	14	Pep_89
210	1	14	15	Pep_90
211	1	15	1	LF
212	1	15	2	Pep_91
213	1	15	3	Pep_94
214	1	15	4	Pep_95
215	1	15	5	Pep_96
216	1	15	6	Pep_98
217	1	15	7	Pep_90
218	1	15	8	Pep_100
219	1	15	9	Pep_101
220	1	15	10	Pep_102
221	1	15	11	Pep_103
222	1	15	12	LF
223	1	15	13	Pep_104
224	1	15	14	Pep_105
225	1	15	15	Pep_106
226	1	16	1	Pep_7
227	1	16	2	Pep_8
228	1	16	3	Pep_9
229	1	16	4	Pep_10
230	1	16	5	Pep_12
231	1	16	6	Pep_13
232	1	16	7	Nenad
233	1	16	8	LF
234	1	16	9	Pep_43
235	1	16	10	Pep_44
236	1	16	11	Pep_45 III
237	1	16	12	Pep_47
238	1	16	13	Pep_48
239	1	16	14	Pep_50
240	1	16	15	Pep_52
241	1	17	1	Pep_54
242	1	17	2	Pep_55
243	1	17	3	Pep_56
244	1	17	4	Pep_57
245	1	17	5	Pep_59
246	1	17	6	Pep_60
247	1	17	7	Pep_61
248	1	17	8	Pep_63
249	1	17	9	Pep_65
250	1	17	10	Pep_66
251	1	17	11	Pep_67
252	1	17	12	Pep_68
253	1	17	13	Pep_69
254	1	17	14	LF
255	1	17	15	Pep_70
256	1	18	1	Pep_71
257	1	18	2	Pep_72
258	1	18	3	Pep_73
259	1	18	4	Pep_74
260	1	18	5	Pep_75
261	1	18	6	Pep_76
262	1	18	7	Pep_77
263	1	18	8	Pep_136
264	1	18	9	Pep_131.2
265	1	18	10	LF
266	1	18	11	Pep_114
267	1	18	12	Pep_115
268	1	18	13	Pep_131.1
269	1	18	14	Pep_132
270	1	18	15	Pep_133
271	1	19	1	Pep_116
272	1	19	2	Pep_134
273	1	19	3	Pep_117
274	1	19	4	Pep_118
275	1	19	5	Pep_119
276	1	19	6	Pep_128
277	1	19	7	Pep_135
278	1	19	8	LF
279	1	19	9	Pep_120
280	1	19	10	Pep_121
281	1	19	11	Pep_122
282	1	19	12	Pep_123
283	1	19	13	Pep_124
284	1	19	14	Pep_125
285	1	19	15	Pep_130
286	1	20	1	Pep_127
287	1	20	2	Kloes?re
288	1	20	3	Kloeamind
289	1	20	4	AK x31 3125
290	1	20	5	AK Cal 28666
291	1	20	6	AK Cal 28667
292	1	20	7	blank
293	1	20	8	blank
294	1	20	9	blank
295	1	20	10	Pep_80
296	1	20	11	Pep_81
297	1	20	12	Pep_82
298	1	20	13	Pep_83
299	1	20	14	Pep_84
300	1	20	15	Pep_86
301	1	21	1	Pep_88
302	1	21	2	Pep_89
303	1	21	3	Pep_90
304	1	21	4	LF
305	1	21	5	Pep_91
306	1	21	6	Pep_94
307	1	21	7	Pep_95
308	1	21	8	Pep_96
309	1	21	9	Pep_98
310	1	21	10	Pep_90
311	1	21	11	Pep_100
312	1	21	12	Pep_101
313	1	21	13	Pep_102
314	1	21	14	Pep_103
315	1	21	15	LF
316	1	22	1	Pep_104
317	1	22	2	Pep_105
318	1	22	3	Pep_106
319	1	22	4	Pep_7
320	1	22	5	Pep_8
321	1	22	6	Pep_9
322	1	22	7	Pep_10
323	1	22	8	Pep_12
324	1	22	9	Pep_13
325	1	22	10	Nenad
326	1	22	11	LF
327	1	22	12	Pep_43
328	1	22	13	Pep_44
329	1	22	14	Pep_45 III
330	1	22	15	Pep_47
331	1	23	1	Pep_48
332	1	23	2	Pep_50
333	1	23	3	Pep_52
334	1	23	4	Pep_54
335	1	23	5	Pep_55
336	1	23	6	Pep_56
337	1	23	7	Pep_57
338	1	23	8	Pep_59
339	1	23	9	Pep_60
340	1	23	10	Pep_61
341	1	23	11	Pep_63
342	1	23	12	Pep_65
343	1	23	13	Pep_66
344	1	23	14	Pep_67
345	1	23	15	Pep_68
346	1	24	1	Pep_69
347	1	24	2	LF
348	1	24	3	Pep_70
349	1	24	4	Pep_71
350	1	24	5	Pep_72
351	1	24	6	Pep_73
352	1	24	7	Pep_74
353	1	24	8	Pep_75
354	1	24	9	Pep_76
355	1	24	10	Pep_77
356	1	24	11	Pep_136
357	1	24	12	Pep_131.2
358	1	24	13	LF
359	1	24	14	Pep_114
360	1	24	15	Pep_115
361	1	25	1	Pep_131.1
362	1	25	2	Pep_132
363	1	25	3	Pep_133
364	1	25	4	Pep_116
365	1	25	5	Pep_134
366	1	25	6	Pep_117
367	1	25	7	Pep_118
368	1	25	8	Pep_119
369	1	25	9	Pep_128
370	1	25	10	Pep_135
371	1	25	11	LF
372	1	25	12	Pep_120
373	1	25	13	Pep_121
374	1	25	14	Pep_122
375	1	25	15	Pep_123
376	1	26	1	Pep_124
377	1	26	2	Pep_125
378	1	26	3	Pep_130
379	1	26	4	Pep_127
380	1	26	5	Kloes?re
381	1	26	6	Kloeamind
382	1	26	7	AK x31 3125
383	1	26	8	AK Cal 28666
384	1	26	9	AK Cal 28667
385	1	26	10	blank
386	1	26	11	blank
387	1	26	12	blank
388	1	26	13	Pep_80
389	1	26	14	Pep_81
390	1	26	15	Pep_82
391	1	27	1	Pep_83
392	1	27	2	Pep_84
393	1	27	3	Pep_86
394	1	27	4	Pep_88
395	1	27	5	Pep_89
396	1	27	6	Pep_90
397	1	27	7	LF
398	1	27	8	Pep_91
399	1	27	9	Pep_94
400	1	27	10	Pep_95
401	1	27	11	Pep_96
402	1	27	12	Pep_98
403	1	27	13	Pep_90
404	1	27	14	Pep_100
405	1	27	15	Pep_101
406	1	28	1	Pep_102
407	1	28	2	Pep_103
408	1	28	3	LF
409	1	28	4	Pep_104
410	1	28	5	Pep_105
411	1	28	6	Pep_106
412	1	28	7	Pep_7
413	1	28	8	Pep_8
414	1	28	9	Pep_9
415	1	28	10	Pep_10
416	1	28	11	Pep_12
417	1	28	12	Pep_13
418	1	28	13	Nenad
419	1	28	14	LF
420	1	28	15	Pep_43
421	1	29	1	Pep_44
422	1	29	2	Pep_45 III
423	1	29	3	Pep_47
424	1	29	4	Pep_48
425	1	29	5	Pep_50
426	1	29	6	Pep_52
427	1	29	7	Pep_54
428	1	29	8	Pep_55
429	1	29	9	Pep_56
430	1	29	10	Pep_57
431	1	29	11	Pep_59
432	1	29	12	Pep_60
433	1	29	13	Pep_61
434	1	29	14	Pep_63
435	1	29	15	Pep_65
436	1	30	1	Pep_66
437	1	30	2	Pep_67
438	1	30	3	Pep_68
439	1	30	4	Pep_69
440	1	30	5	LF
441	1	30	6	Pep_70
442	1	30	7	Pep_71
443	1	30	8	Pep_72
444	1	30	9	Pep_73
445	1	30	10	Pep_74
446	1	30	11	Pep_75
447	1	30	12	Pep_76
448	1	30	13	Pep_77
449	1	30	14	Pep_136
450	1	30	15	Pep_131.2
451	1	31	1	LF
452	1	31	2	Pep_114
453	1	31	3	Pep_115
454	1	31	4	Pep_131.1
455	1	31	5	Pep_132
456	1	31	6	Pep_133
457	1	31	7	Pep_116
458	1	31	8	Pep_134
459	1	31	9	Pep_117
460	1	31	10	Pep_118
461	1	31	11	Pep_119
462	1	31	12	Pep_128
463	1	31	13	Pep_135
464	1	31	14	LF
465	1	31	15	Pep_120
466	1	32	1	Pep_121
467	1	32	2	Pep_122
468	1	32	3	Pep_123
469	1	32	4	Pep_124
470	1	32	5	Pep_125
471	1	32	6	Pep_130
472	1	32	7	Pep_127
473	1	32	8	Kloes?re
474	1	32	9	Kloeamind
475	1	32	10	AK x31 3125
476	1	32	11	AK Cal 28666
477	1	32	12	AK Cal 28667
478	1	32	13	blank
479	1	32	14	blank
480	1	32	15	blank
481	1	33	1	Pep_80
482	1	33	2	Pep_81
483	1	33	3	Pep_82
484	1	33	4	Pep_83
485	1	33	5	Pep_84
486	1	33	6	Pep_86
487	1	33	7	Pep_88
488	1	33	8	Pep_89
489	1	33	9	Pep_90
490	1	33	10	LF
491	1	33	11	Pep_91
492	1	33	12	Pep_94
493	1	33	13	Pep_95
494	1	33	14	Pep_96
495	1	33	15	Pep_98
496	1	34	1	Pep_90
497	1	34	2	Pep_100
498	1	34	3	Pep_101
499	1	34	4	Pep_102
500	1	34	5	Pep_103
501	1	34	6	LF
502	1	34	7	Pep_104
503	1	34	8	Pep_105
504	1	34	9	Pep_106
505	1	34	10	Pep_7
506	1	34	11	Pep_8
507	1	34	12	Pep_9
508	1	34	13	Pep_10
509	1	34	14	Pep_12
510	1	34	15	Pep_13
511	1	35	1	Nenad
512	1	35	2	LF
513	1	35	3	Pep_43
514	1	35	4	Pep_44
515	1	35	5	Pep_45 III
516	1	35	6	Pep_47
517	1	35	7	Pep_48
518	1	35	8	Pep_50
519	1	35	9	Pep_52
520	1	35	10	Pep_54
521	1	35	11	Pep_55
522	1	35	12	Pep_56
523	1	35	13	Pep_57
524	1	35	14	Pep_59
525	1	35	15	Pep_60
526	1	36	1	Pep_61
527	1	36	2	Pep_63
528	1	36	3	Pep_65
529	1	36	4	Pep_66
530	1	36	5	Pep_67
531	1	36	6	Pep_68
532	1	36	7	Pep_69
533	1	36	8	LF
534	1	36	9	Pep_70
535	1	36	10	Pep_71
536	1	36	11	Pep_72
537	1	36	12	Pep_73
538	1	36	13	Pep_74
539	1	36	14	Pep_75
540	1	36	15	Pep_76
541	1	37	1	Pep_77
542	1	37	2	Pep_136
543	1	37	3	Pep_131.2
544	1	37	4	LF
545	1	37	5	Pep_114
546	1	37	6	Pep_115
547	1	37	7	Pep_131.1
548	1	37	8	Pep_132
549	1	37	9	Pep_133
550	1	37	10	Pep_116
551	1	37	11	Pep_134
552	1	37	12	Pep_117
553	1	37	13	Pep_118
554	1	37	14	Pep_119
555	1	37	15	Pep_128
556	1	38	1	Pep_135
557	1	38	2	LF
558	1	38	3	Pep_120
559	1	38	4	Pep_121
560	1	38	5	Pep_122
561	1	38	6	Pep_123
562	1	38	7	Pep_124
563	1	38	8	Pep_125
564	1	38	9	Pep_130
565	1	38	10	Pep_127
566	1	38	11	Kloes?re
567	1	38	12	Kloeamind
568	1	38	13	AK x31 3125
569	1	38	14	AK Cal 28666
570	1	38	15	AK Cal 28667
571	1	39	1	blank
572	1	39	2	blank
573	1	39	3	blank
574	1	39	4	Pep_80
575	1	39	5	Pep_81
576	1	39	6	Pep_82
577	1	39	7	Pep_83
578	1	39	8	Pep_84
579	1	39	9	Pep_86
580	1	39	10	Pep_88
581	1	39	11	Pep_89
582	1	39	12	Pep_90
583	1	39	13	LF
584	1	39	14	Pep_91
585	1	39	15	Pep_94
586	1	40	1	Pep_95
587	1	40	2	Pep_96
588	1	40	3	Pep_98
589	1	40	4	Pep_90
590	1	40	5	Pep_100
591	1	40	6	Pep_101
592	1	40	7	Pep_102
593	1	40	8	Pep_103
594	1	40	9	LF
595	1	40	10	Pep_104
596	1	40	11	Pep_105
597	1	40	12	Pep_106
598	1	40	13	Pep_7
599	1	40	14	Pep_8
600	1	40	15	Pep_9
601	1	41	1	Pep_10
602	1	41	2	Pep_12
603	1	41	3	Pep_13
604	1	41	4	Nenad
605	1	41	5	LF
606	1	41	6	Pep_43
607	1	41	7	Pep_44
608	1	41	8	Pep_45 III
609	1	41	9	Pep_47
610	1	41	10	Pep_48
611	1	41	11	Pep_50
612	1	41	12	Pep_52
613	1	41	13	Pep_54
614	1	41	14	Pep_55
615	1	41	15	Pep_56
616	1	42	1	Pep_57
617	1	42	2	Pep_59
618	1	42	3	Pep_60
619	1	42	4	Pep_61
620	1	42	5	Pep_63
621	1	42	6	Pep_65
622	1	42	7	Pep_66
623	1	42	8	Pep_67
624	1	42	9	Pep_68
625	1	42	10	Pep_69
626	1	42	11	LF
627	1	42	12	Pep_70
628	1	42	13	Pep_71
629	1	42	14	Pep_72
630	1	42	15	Pep_73
631	1	43	1	Pep_74
632	1	43	2	Pep_75
633	1	43	3	Pep_76
634	1	43	4	Pep_77
635	1	43	5	Pep_136
636	1	43	6	Pep_131.2
637	1	43	7	LF
638	1	43	8	Pep_114
639	1	43	9	Pep_115
640	1	43	10	Pep_131.1
641	1	43	11	Pep_132
642	1	43	12	Pep_133
643	1	43	13	Pep_116
644	1	43	14	Pep_134
645	1	43	15	Pep_117
646	1	44	1	Pep_118
647	1	44	2	Pep_119
648	1	44	3	Pep_128
649	1	44	4	Pep_135
650	1	44	5	LF
651	1	44	6	Pep_120
652	1	44	7	Pep_121
653	1	44	8	Pep_122
654	1	44	9	Pep_123
655	1	44	10	Pep_124
656	1	44	11	Pep_125
657	1	44	12	Pep_130
658	1	44	13	Pep_127
659	1	44	14	Kloes?re
660	1	44	15	Kloeamind
661	1	45	1	AK x31 3125
662	1	45	2	AK Cal 28666
663	1	45	3	AK Cal 28667
664	1	45	4	blank
665	1	45	5	blank
666	1	45	6	blank
667	1	45	7	Pep_80
668	1	45	8	Pep_81
669	1	45	9	Pep_82
670	1	45	10	Pep_83
671	1	45	11	Pep_84
672	1	45	12	Pep_86
673	1	45	13	Pep_88
674	1	45	14	Pep_89
675	1	45	15	Pep_90
676	1	46	1	LF
677	1	46	2	Pep_91
678	1	46	3	Pep_94
679	1	46	4	Pep_95
680	1	46	5	Pep_96
681	1	46	6	Pep_98
682	1	46	7	Pep_90
683	1	46	8	Pep_100
684	1	46	9	Pep_101
685	1	46	10	Pep_102
686	1	46	11	Pep_103
687	1	46	12	LF
688	1	46	13	Pep_104
689	1	46	14	Pep_105
690	1	46	15	Pep_106
691	1	47	1	Pep_7
692	1	47	2	Pep_8
693	1	47	3	Pep_9
694	1	47	4	Pep_10
695	1	47	5	Pep_12
696	1	47	6	Pep_13
697	1	47	7	Nenad
698	1	47	8	LF
699	1	47	9	Pep_43
700	1	47	10	Pep_44
701	1	47	11	Pep_45 III
702	1	47	12	Pep_47
703	1	47	13	Pep_48
704	1	47	14	Pep_50
705	1	47	15	Pep_52
706	1	48	1	Pep_54
707	1	48	2	Pep_55
708	1	48	3	Pep_56
709	1	48	4	Pep_57
710	1	48	5	Pep_59
711	1	48	6	Pep_60
712	1	48	7	Pep_61
713	1	48	8	Pep_63
714	1	48	9	Pep_65
715	1	48	10	Pep_66
716	1	48	11	Pep_67
717	1	48	12	Pep_68
718	1	48	13	Pep_69
719	1	48	14	LF
720	1	48	15	Pep_70
721	1	49	1	Pep_71
722	1	49	2	Pep_72
723	1	49	3	Pep_73
724	1	49	4	Pep_74
725	1	49	5	Pep_75
726	1	49	6	Pep_76
727	1	49	7	Pep_77
728	1	49	8	Pep_136
729	1	49	9	Pep_131.2
730	1	49	10	LF
731	1	49	11	Pep_114
732	1	49	12	Pep_115
733	1	49	13	Pep_131.1
734	1	49	14	Pep_132
735	1	49	15	Pep_133
736	1	50	1	Pep_116
737	1	50	2	Pep_134
738	1	50	3	Pep_117
739	1	50	4	Pep_118
740	1	50	5	Pep_119
741	1	50	6	Pep_128
742	1	50	7	Pep_135
743	1	50	8	LF
744	1	50	9	Pep_120
745	1	50	10	Pep_121
746	1	50	11	Pep_122
747	1	50	12	Pep_123
748	1	50	13	Pep_124
749	1	50	14	Pep_125
750	1	50	15	Pep_130
751	1	51	1	Pep_127
752	1	51	2	Kloes?re
753	1	51	3	Kloeamind
754	1	51	4	AK x31 3125
755	1	51	5	AK Cal 28666
756	1	51	6	AK Cal 28667
757	1	51	7	blank
758	1	51	8	blank
759	1	51	9	blank
760	1	51	10	Pep_80
761	1	51	11	Pep_81
762	1	51	12	Pep_82
763	1	51	13	Pep_83
764	1	51	14	Pep_84
765	1	51	15	Pep_86
766	1	52	1	Pep_88
767	1	52	2	Pep_89
768	1	52	3	Pep_90
769	1	52	4	LF
770	1	52	5	Pep_91
771	1	52	6	Pep_94
772	1	52	7	Pep_95
773	1	52	8	Pep_96
774	1	52	9	Pep_98
775	1	52	10	Pep_90
776	1	52	11	Pep_100
777	1	52	12	Pep_101
778	1	52	13	Pep_102
779	1	52	14	Pep_103
780	1	52	15	LF
781	1	53	1	Pep_104
782	1	53	2	Pep_105
783	1	53	3	Pep_106
784	1	53	4	Pep_7
785	1	53	5	Pep_8
786	1	53	6	Pep_9
787	1	53	7	Pep_10
788	1	53	8	Pep_12
789	1	53	9	Pep_13
790	1	53	10	Nenad
791	1	53	11	LF
792	1	53	12	Pep_43
793	1	53	13	Pep_44
794	1	53	14	Pep_45 III
795	1	53	15	Pep_47
796	1	54	1	Pep_48
797	1	54	2	Pep_50
798	1	54	3	Pep_52
799	1	54	4	Pep_54
800	1	54	5	Pep_55
801	1	54	6	Pep_56
802	1	54	7	Pep_57
803	1	54	8	Pep_59
804	1	54	9	Pep_60
805	1	54	10	Pep_61
806	1	54	11	Pep_63
807	1	54	12	Pep_65
808	1	54	13	Pep_66
809	1	54	14	Pep_67
810	1	54	15	Pep_68
811	1	55	1	Pep_69
812	1	55	2	LF
813	1	55	3	Pep_70
814	1	55	4	Pep_71
815	1	55	5	Pep_72
816	1	55	6	Pep_73
817	1	55	7	Pep_74
818	1	55	8	Pep_75
819	1	55	9	Pep_76
820	1	55	10	Pep_77
821	1	55	11	Pep_136
822	1	55	12	Pep_131.2
823	1	55	13	LF
824	1	55	14	Pep_114
825	1	55	15	Pep_115
826	1	56	1	Pep_131.1
827	1	56	2	Pep_132
828	1	56	3	Pep_133
829	1	56	4	Pep_116
830	1	56	5	Pep_134
831	1	56	6	Pep_117
832	1	56	7	Pep_118
833	1	56	8	Pep_119
834	1	56	9	Pep_128
835	1	56	10	Pep_135
836	1	56	11	LF
837	1	56	12	Pep_120
838	1	56	13	Pep_121
839	1	56	14	Pep_122
840	1	56	15	Pep_123
841	1	57	1	Pep_124
842	1	57	2	Pep_125
843	1	57	3	Pep_130
844	1	57	4	Pep_127
845	1	57	5	Kloes?re
846	1	57	6	Kloeamind
847	1	57	7	AK x31 3125
848	1	57	8	AK Cal 28666
849	1	57	9	AK Cal 28667
850	1	57	10	blank
851	1	57	11	blank
852	1	57	12	blank
853	1	57	13	LF
854	1	57	14	LF
855	1	57	15	blank
