ID	Block	Row	Column	Name
1	1	1	1	LF
2	1	1	2	LF
3	1	1	3	LF
4	1	1	4	LF
5	1	1	5	LF
6	1	1	6	LF
7	1	1	7	LF
8	1	1	8	LF
9	1	1	9	LF
10	1	1	10	LF
11	1	1	11	
12	1	1	12	
13	1	1	13	
14	1	1	14	
15	1	1	15	
16	1	2	1	P080
17	1	2	2	P081
18	1	2	3	P082
19	1	2	4	P083
20	1	2	5	P084
21	1	2	6	P086
22	1	2	7	P088
23	1	2	8	P089
24	1	2	9	P090
25	1	2	10	LF
26	1	2	11	P091
27	1	2	12	P094
28	1	2	13	P095
29	1	2	14	P096
30	1	2	15	P098
31	1	3	1	P090
32	1	3	2	P100
33	1	3	3	P101
34	1	3	4	P102
35	1	3	5	P103
36	1	3	6	LF
37	1	3	7	P104
38	1	3	8	P105
39	1	3	9	P106
40	1	3	10	P007
41	1	3	11	P008
42	1	3	12	P009
43	1	3	13	P010
44	1	3	14	P012
45	1	3	15	P013
46	1	4	1	Nenad
47	1	4	2	LF
48	1	4	3	P043
49	1	4	4	P044
50	1	4	5	P045.3
51	1	4	6	P047
52	1	4	7	P048
53	1	4	8	P050
54	1	4	9	P052
55	1	4	10	P054
56	1	4	11	P055
57	1	4	12	P056
58	1	4	13	P057
59	1	4	14	P059
60	1	4	15	P060
61	1	5	1	P061
62	1	5	2	P063
63	1	5	3	P065
64	1	5	4	P066
65	1	5	5	P067
66	1	5	6	P068
67	1	5	7	P069
68	1	5	8	LF
69	1	5	9	P070
70	1	5	10	P071
71	1	5	11	P072
72	1	5	12	P073
73	1	5	13	P074
74	1	5	14	P075
75	1	5	15	P076
76	1	6	1	P077
77	1	6	2	P136
78	1	6	3	P131.2
79	1	6	4	LF
80	1	6	5	P114
81	1	6	6	P115
82	1	6	7	P131.1
83	1	6	8	P132
84	1	6	9	P133
85	1	6	10	P116
86	1	6	11	P134
87	1	6	12	P117
88	1	6	13	P118
89	1	6	14	P119
90	1	6	15	P128
91	1	7	1	P135
92	1	7	2	LF
93	1	7	3	P120
94	1	7	4	P121
95	1	7	5	P122
96	1	7	6	P123
97	1	7	7	P124
98	1	7	8	P125
99	1	7	9	P130
100	1	7	10	P127
101	1	7	11	P030
102	1	7	12	P031
103	1	7	13	AK_X31_3125
104	1	7	14	AK_Cal_28666
105	1	7	15	AK_Cal_28667
106	1	8	1	
107	1	8	2	
108	1	8	3	
109	1	8	4	P080
110	1	8	5	P081
111	1	8	6	P082
112	1	8	7	P083
113	1	8	8	P084
114	1	8	9	P086
115	1	8	10	P088
116	1	8	11	P089
117	1	8	12	P090
118	1	8	13	LF
119	1	8	14	P091
120	1	8	15	P094
121	1	9	1	P095
122	1	9	2	P096
123	1	9	3	P098
124	1	9	4	P090
125	1	9	5	P100
126	1	9	6	P101
127	1	9	7	P102
128	1	9	8	P103
129	1	9	9	LF
130	1	9	10	P104
131	1	9	11	P105
132	1	9	12	P106
133	1	9	13	P007
134	1	9	14	P008
135	1	9	15	P009
136	1	10	1	P010
137	1	10	2	P012
138	1	10	3	P013
139	1	10	4	Nenad
140	1	10	5	LF
141	1	10	6	P043
142	1	10	7	P044
143	1	10	8	P045.3
144	1	10	9	P047
145	1	10	10	P048
146	1	10	11	P050
147	1	10	12	P052
148	1	10	13	P054
149	1	10	14	P055
150	1	10	15	P056
151	1	11	1	P057
152	1	11	2	P059
153	1	11	3	P060
154	1	11	4	P061
155	1	11	5	P063
156	1	11	6	P065
157	1	11	7	P066
158	1	11	8	P067
159	1	11	9	P068
160	1	11	10	P069
161	1	11	11	LF
162	1	11	12	P070
163	1	11	13	P071
164	1	11	14	P072
165	1	11	15	P073
166	1	12	1	P074
167	1	12	2	P075
168	1	12	3	P076
169	1	12	4	P077
170	1	12	5	P136
171	1	12	6	P131.2
172	1	12	7	LF
173	1	12	8	P114
174	1	12	9	P115
175	1	12	10	P131.1
176	1	12	11	P132
177	1	12	12	P133
178	1	12	13	P116
179	1	12	14	P134
180	1	12	15	P117
181	1	13	1	P118
182	1	13	2	P119
183	1	13	3	P128
184	1	13	4	P135
185	1	13	5	LF
186	1	13	6	P120
187	1	13	7	P121
188	1	13	8	P122
189	1	13	9	P123
190	1	13	10	P124
191	1	13	11	P125
192	1	13	12	P130
193	1	13	13	P127
194	1	13	14	P030
195	1	13	15	P031
196	1	14	1	AK_X31_3125
197	1	14	2	AK_Cal_28666
198	1	14	3	AK_Cal_28667
199	1	14	4	
200	1	14	5	
201	1	14	6	
202	1	14	7	P080
203	1	14	8	P081
204	1	14	9	P082
205	1	14	10	P083
206	1	14	11	P084
207	1	14	12	P086
208	1	14	13	P088
209	1	14	14	P089
210	1	14	15	P090
211	1	15	1	LF
212	1	15	2	P091
213	1	15	3	P094
214	1	15	4	P095
215	1	15	5	P096
216	1	15	6	P098
217	1	15	7	P090
218	1	15	8	P100
219	1	15	9	P101
220	1	15	10	P102
221	1	15	11	P103
222	1	15	12	LF
223	1	15	13	P104
224	1	15	14	P105
225	1	15	15	P106
226	1	16	1	P007
227	1	16	2	P008
228	1	16	3	P009
229	1	16	4	P010
230	1	16	5	P012
231	1	16	6	P013
232	1	16	7	Nenad
233	1	16	8	LF
234	1	16	9	P043
235	1	16	10	P044
236	1	16	11	P045.3
237	1	16	12	P047
238	1	16	13	P048
239	1	16	14	P050
240	1	16	15	P052
241	1	17	1	P054
242	1	17	2	P055
243	1	17	3	P056
244	1	17	4	P057
245	1	17	5	P059
246	1	17	6	P060
247	1	17	7	P061
248	1	17	8	P063
249	1	17	9	P065
250	1	17	10	P066
251	1	17	11	P067
252	1	17	12	P068
253	1	17	13	P069
254	1	17	14	LF
255	1	17	15	P070
256	1	18	1	P071
257	1	18	2	P072
258	1	18	3	P073
259	1	18	4	P074
260	1	18	5	P075
261	1	18	6	P076
262	1	18	7	P077
263	1	18	8	P136
264	1	18	9	P131.2
265	1	18	10	LF
266	1	18	11	P114
267	1	18	12	P115
268	1	18	13	P131.1
269	1	18	14	P132
270	1	18	15	P133
271	1	19	1	P116
272	1	19	2	P134
273	1	19	3	P117
274	1	19	4	P118
275	1	19	5	P119
276	1	19	6	P128
277	1	19	7	P135
278	1	19	8	LF
279	1	19	9	P120
280	1	19	10	P121
281	1	19	11	P122
282	1	19	12	P123
283	1	19	13	P124
284	1	19	14	P125
285	1	19	15	P130
286	1	20	1	P127
287	1	20	2	P030
288	1	20	3	P031
289	1	20	4	AK_X31_3125
290	1	20	5	AK_Cal_28666
291	1	20	6	AK_Cal_28667
292	1	20	7	
293	1	20	8	
294	1	20	9	
295	1	20	10	P080
296	1	20	11	P081
297	1	20	12	P082
298	1	20	13	P083
299	1	20	14	P084
300	1	20	15	P086
301	1	21	1	P088
302	1	21	2	P089
303	1	21	3	P090
304	1	21	4	LF
305	1	21	5	P091
306	1	21	6	P094
307	1	21	7	P095
308	1	21	8	P096
309	1	21	9	P098
310	1	21	10	P090
311	1	21	11	P100
312	1	21	12	P101
313	1	21	13	P102
314	1	21	14	P103
315	1	21	15	LF
316	1	22	1	P104
317	1	22	2	P105
318	1	22	3	P106
319	1	22	4	P007
320	1	22	5	P008
321	1	22	6	P009
322	1	22	7	P010
323	1	22	8	P012
324	1	22	9	P013
325	1	22	10	Nenad
326	1	22	11	LF
327	1	22	12	P043
328	1	22	13	P044
329	1	22	14	P045.3
330	1	22	15	P047
331	1	23	1	P048
332	1	23	2	P050
333	1	23	3	P052
334	1	23	4	P054
335	1	23	5	P055
336	1	23	6	P056
337	1	23	7	P057
338	1	23	8	P059
339	1	23	9	P060
340	1	23	10	P061
341	1	23	11	P063
342	1	23	12	P065
343	1	23	13	P066
344	1	23	14	P067
345	1	23	15	P068
346	1	24	1	P069
347	1	24	2	LF
348	1	24	3	P070
349	1	24	4	P071
350	1	24	5	P072
351	1	24	6	P073
352	1	24	7	P074
353	1	24	8	P075
354	1	24	9	P076
355	1	24	10	P077
356	1	24	11	P136
357	1	24	12	P131.2
358	1	24	13	LF
359	1	24	14	P114
360	1	24	15	P115
361	1	25	1	P131.1
362	1	25	2	P132
363	1	25	3	P133
364	1	25	4	P116
365	1	25	5	P134
366	1	25	6	P117
367	1	25	7	P118
368	1	25	8	P119
369	1	25	9	P128
370	1	25	10	P135
371	1	25	11	LF
372	1	25	12	P120
373	1	25	13	P121
374	1	25	14	P122
375	1	25	15	P123
376	1	26	1	P124
377	1	26	2	P125
378	1	26	3	P130
379	1	26	4	P127
380	1	26	5	P030
381	1	26	6	P031
382	1	26	7	AK_X31_3125
383	1	26	8	AK_Cal_28666
384	1	26	9	AK_Cal_28667
385	1	26	10	
386	1	26	11	
387	1	26	12	
388	1	26	13	P080
389	1	26	14	P081
390	1	26	15	P082
391	1	27	1	P083
392	1	27	2	P084
393	1	27	3	P086
394	1	27	4	P088
395	1	27	5	P089
396	1	27	6	P090
397	1	27	7	LF
398	1	27	8	P091
399	1	27	9	P094
400	1	27	10	P095
401	1	27	11	P096
402	1	27	12	P098
403	1	27	13	P090
404	1	27	14	P100
405	1	27	15	P101
406	1	28	1	P102
407	1	28	2	P103
408	1	28	3	LF
409	1	28	4	P104
410	1	28	5	P105
411	1	28	6	P106
412	1	28	7	P007
413	1	28	8	P008
414	1	28	9	P009
415	1	28	10	P010
416	1	28	11	P012
417	1	28	12	P013
418	1	28	13	Nenad
419	1	28	14	LF
420	1	28	15	P043
421	1	29	1	P044
422	1	29	2	P045.3
423	1	29	3	P047
424	1	29	4	P048
425	1	29	5	P050
426	1	29	6	P052
427	1	29	7	P054
428	1	29	8	P055
429	1	29	9	P056
430	1	29	10	P057
431	1	29	11	P059
432	1	29	12	P060
433	1	29	13	P061
434	1	29	14	P063
435	1	29	15	P065
436	1	30	1	P066
437	1	30	2	P067
438	1	30	3	P068
439	1	30	4	P069
440	1	30	5	LF
441	1	30	6	P070
442	1	30	7	P071
443	1	30	8	P072
444	1	30	9	P073
445	1	30	10	P074
446	1	30	11	P075
447	1	30	12	P076
448	1	30	13	P077
449	1	30	14	P136
450	1	30	15	P131.2
451	1	31	1	LF
452	1	31	2	P114
453	1	31	3	P115
454	1	31	4	P131.1
455	1	31	5	P132
456	1	31	6	P133
457	1	31	7	P116
458	1	31	8	P134
459	1	31	9	P117
460	1	31	10	P118
461	1	31	11	P119
462	1	31	12	P128
463	1	31	13	P135
464	1	31	14	LF
465	1	31	15	P120
466	1	32	1	P121
467	1	32	2	P122
468	1	32	3	P123
469	1	32	4	P124
470	1	32	5	P125
471	1	32	6	P130
472	1	32	7	P127
473	1	32	8	P030
474	1	32	9	P031
475	1	32	10	AK_X31_3125
476	1	32	11	AK_Cal_28666
477	1	32	12	AK_Cal_28667
478	1	32	13	
479	1	32	14	
480	1	32	15	
481	1	33	1	P080
482	1	33	2	P081
483	1	33	3	P082
484	1	33	4	P083
485	1	33	5	P084
486	1	33	6	P086
487	1	33	7	P088
488	1	33	8	P089
489	1	33	9	P090
490	1	33	10	LF
491	1	33	11	P091
492	1	33	12	P094
493	1	33	13	P095
494	1	33	14	P096
495	1	33	15	P098
496	1	34	1	P090
497	1	34	2	P100
498	1	34	3	P101
499	1	34	4	P102
500	1	34	5	P103
501	1	34	6	LF
502	1	34	7	P104
503	1	34	8	P105
504	1	34	9	P106
505	1	34	10	P007
506	1	34	11	P008
507	1	34	12	P009
508	1	34	13	P010
509	1	34	14	P012
510	1	34	15	P013
511	1	35	1	Nenad
512	1	35	2	LF
513	1	35	3	P043
514	1	35	4	P044
515	1	35	5	P045.3
516	1	35	6	P047
517	1	35	7	P048
518	1	35	8	P050
519	1	35	9	P052
520	1	35	10	P054
521	1	35	11	P055
522	1	35	12	P056
523	1	35	13	P057
524	1	35	14	P059
525	1	35	15	P060
526	1	36	1	P061
527	1	36	2	P063
528	1	36	3	P065
529	1	36	4	P066
530	1	36	5	P067
531	1	36	6	P068
532	1	36	7	P069
533	1	36	8	LF
534	1	36	9	P070
535	1	36	10	P071
536	1	36	11	P072
537	1	36	12	P073
538	1	36	13	P074
539	1	36	14	P075
540	1	36	15	P076
541	1	37	1	P077
542	1	37	2	P136
543	1	37	3	P131.2
544	1	37	4	LF
545	1	37	5	P114
546	1	37	6	P115
547	1	37	7	P131.1
548	1	37	8	P132
549	1	37	9	P133
550	1	37	10	P116
551	1	37	11	P134
552	1	37	12	P117
553	1	37	13	P118
554	1	37	14	P119
555	1	37	15	P128
556	1	38	1	P135
557	1	38	2	LF
558	1	38	3	P120
559	1	38	4	P121
560	1	38	5	P122
561	1	38	6	P123
562	1	38	7	P124
563	1	38	8	P125
564	1	38	9	P130
565	1	38	10	P127
566	1	38	11	P030
567	1	38	12	P031
568	1	38	13	AK_X31_3125
569	1	38	14	AK_Cal_28666
570	1	38	15	AK_Cal_28667
571	1	39	1	
572	1	39	2	
573	1	39	3	
574	1	39	4	P080
575	1	39	5	P081
576	1	39	6	P082
577	1	39	7	P083
578	1	39	8	P084
579	1	39	9	P086
580	1	39	10	P088
581	1	39	11	P089
582	1	39	12	P090
583	1	39	13	LF
584	1	39	14	P091
585	1	39	15	P094
586	1	40	1	P095
587	1	40	2	P096
588	1	40	3	P098
589	1	40	4	P090
590	1	40	5	P100
591	1	40	6	P101
592	1	40	7	P102
593	1	40	8	P103
594	1	40	9	LF
595	1	40	10	P104
596	1	40	11	P105
597	1	40	12	P106
598	1	40	13	P007
599	1	40	14	P008
600	1	40	15	P009
601	1	41	1	P010
602	1	41	2	P012
603	1	41	3	P013
604	1	41	4	Nenad
605	1	41	5	LF
606	1	41	6	P043
607	1	41	7	P044
608	1	41	8	P045.3
609	1	41	9	P047
610	1	41	10	P048
611	1	41	11	P050
612	1	41	12	P052
613	1	41	13	P054
614	1	41	14	P055
615	1	41	15	P056
616	1	42	1	P057
617	1	42	2	P059
618	1	42	3	P060
619	1	42	4	P061
620	1	42	5	P063
621	1	42	6	P065
622	1	42	7	P066
623	1	42	8	P067
624	1	42	9	P068
625	1	42	10	P069
626	1	42	11	LF
627	1	42	12	P070
628	1	42	13	P071
629	1	42	14	P072
630	1	42	15	P073
631	1	43	1	P074
632	1	43	2	P075
633	1	43	3	P076
634	1	43	4	P077
635	1	43	5	P136
636	1	43	6	P131.2
637	1	43	7	LF
638	1	43	8	P114
639	1	43	9	P115
640	1	43	10	P131.1
641	1	43	11	P132
642	1	43	12	P133
643	1	43	13	P116
644	1	43	14	P134
645	1	43	15	P117
646	1	44	1	P118
647	1	44	2	P119
648	1	44	3	P128
649	1	44	4	P135
650	1	44	5	LF
651	1	44	6	P120
652	1	44	7	P121
653	1	44	8	P122
654	1	44	9	P123
655	1	44	10	P124
656	1	44	11	P125
657	1	44	12	P130
658	1	44	13	P127
659	1	44	14	P030
660	1	44	15	P031
661	1	45	1	AK_X31_3125
662	1	45	2	AK_Cal_28666
663	1	45	3	AK_Cal_28667
664	1	45	4	
665	1	45	5	
666	1	45	6	
667	1	45	7	P080
668	1	45	8	P081
669	1	45	9	P082
670	1	45	10	P083
671	1	45	11	P084
672	1	45	12	P086
673	1	45	13	P088
674	1	45	14	P089
675	1	45	15	P090
676	1	46	1	LF
677	1	46	2	P091
678	1	46	3	P094
679	1	46	4	P095
680	1	46	5	P096
681	1	46	6	P098
682	1	46	7	P090
683	1	46	8	P100
684	1	46	9	P101
685	1	46	10	P102
686	1	46	11	P103
687	1	46	12	LF
688	1	46	13	P104
689	1	46	14	P105
690	1	46	15	P106
691	1	47	1	P007
692	1	47	2	P008
693	1	47	3	P009
694	1	47	4	P010
695	1	47	5	P012
696	1	47	6	P013
697	1	47	7	Nenad
698	1	47	8	LF
699	1	47	9	P043
700	1	47	10	P044
701	1	47	11	P045.3
702	1	47	12	P047
703	1	47	13	P048
704	1	47	14	P050
705	1	47	15	P052
706	1	48	1	P054
707	1	48	2	P055
708	1	48	3	P056
709	1	48	4	P057
710	1	48	5	P059
711	1	48	6	P060
712	1	48	7	P061
713	1	48	8	P063
714	1	48	9	P065
715	1	48	10	P066
716	1	48	11	P067
717	1	48	12	P068
718	1	48	13	P069
719	1	48	14	LF
720	1	48	15	P070
721	1	49	1	P071
722	1	49	2	P072
723	1	49	3	P073
724	1	49	4	P074
725	1	49	5	P075
726	1	49	6	P076
727	1	49	7	P077
728	1	49	8	P136
729	1	49	9	P131.2
730	1	49	10	LF
731	1	49	11	P114
732	1	49	12	P115
733	1	49	13	P131.1
734	1	49	14	P132
735	1	49	15	P133
736	1	50	1	P116
737	1	50	2	P134
738	1	50	3	P117
739	1	50	4	P118
740	1	50	5	P119
741	1	50	6	P128
742	1	50	7	P135
743	1	50	8	LF
744	1	50	9	P120
745	1	50	10	P121
746	1	50	11	P122
747	1	50	12	P123
748	1	50	13	P124
749	1	50	14	P125
750	1	50	15	P130
751	1	51	1	P127
752	1	51	2	P030
753	1	51	3	P031
754	1	51	4	AK_X31_3125
755	1	51	5	AK_Cal_28666
756	1	51	6	AK_Cal_28667
757	1	51	7	
758	1	51	8	
759	1	51	9	
760	1	51	10	P080
761	1	51	11	P081
762	1	51	12	P082
763	1	51	13	P083
764	1	51	14	P084
765	1	51	15	P086
766	1	52	1	P088
767	1	52	2	P089
768	1	52	3	P090
769	1	52	4	LF
770	1	52	5	P091
771	1	52	6	P094
772	1	52	7	P095
773	1	52	8	P096
774	1	52	9	P098
775	1	52	10	P090
776	1	52	11	P100
777	1	52	12	P101
778	1	52	13	P102
779	1	52	14	P103
780	1	52	15	LF
781	1	53	1	P104
782	1	53	2	P105
783	1	53	3	P106
784	1	53	4	P007
785	1	53	5	P008
786	1	53	6	P009
787	1	53	7	P010
788	1	53	8	P012
789	1	53	9	P013
790	1	53	10	Nenad
791	1	53	11	LF
792	1	53	12	P043
793	1	53	13	P044
794	1	53	14	P045.3
795	1	53	15	P047
796	1	54	1	P048
797	1	54	2	P050
798	1	54	3	P052
799	1	54	4	P054
800	1	54	5	P055
801	1	54	6	P056
802	1	54	7	P057
803	1	54	8	P059
804	1	54	9	P060
805	1	54	10	P061
806	1	54	11	P063
807	1	54	12	P065
808	1	54	13	P066
809	1	54	14	P067
810	1	54	15	P068
811	1	55	1	P069
812	1	55	2	LF
813	1	55	3	P070
814	1	55	4	P071
815	1	55	5	P072
816	1	55	6	P073
817	1	55	7	P074
818	1	55	8	P075
819	1	55	9	P076
820	1	55	10	P077
821	1	55	11	P136
822	1	55	12	P131.2
823	1	55	13	LF
824	1	55	14	P114
825	1	55	15	P115
826	1	56	1	P131.1
827	1	56	2	P132
828	1	56	3	P133
829	1	56	4	P116
830	1	56	5	P134
831	1	56	6	P117
832	1	56	7	P118
833	1	56	8	P119
834	1	56	9	P128
835	1	56	10	P135
836	1	56	11	LF
837	1	56	12	P120
838	1	56	13	P121
839	1	56	14	P122
840	1	56	15	P123
841	1	57	1	P124
842	1	57	2	P125
843	1	57	3	P130
844	1	57	4	P127
845	1	57	5	P030
846	1	57	6	P031
847	1	57	7	AK_X31_3125
848	1	57	8	AK_Cal_28666
849	1	57	9	AK_Cal_28667
850	1	57	10	
851	1	57	11	
852	1	57	12	
853	1	57	13	LF
854	1	57	14	LF
855	1	57	15	
