ID	Block	Row	Column	Name
0	1	1	1	A/Panama/2007/1999(H3N2)-2017
1	1	1	2	A/Panama/2007/1999(H3N2)-2017
2	1	1	3	A/Panama/2007/1999(H3N2)-2017
3	1	1	4	A/Panama/2007/1999(H3N2)-2017
4	1	1	5	A/Panama/2007/1999(H3N2)-2017
5	1	1	6	A/Panama/2007/1999(H3N2)-2017
6	1	1	7	A/Panama/2007/1999(H3N2)-2017
7	1	1	8	A/Panama/2007/1999(H3N2)-2017
8	1	1	9	A/Panama/2007/1999(H3N2)-2017
9	1	1	10	A/Panama/2007/1999(H3N2)-2017
10	1	2	1	A/Panama/2007/1999(H3N2)-2017
11	1	2	2	A/Panama/2007/1999(H3N2)-2017
12	1	2	3	A/Panama/2007/1999(H3N2)-2017
13	1	2	4	A/Panama/2007/1999(H3N2)-2017
14	1	2	5	A/Panama/2007/1999(H3N2)-2017
15	1	2	6	A/Panama/2007/1999(H3N2)-2017
16	1	2	7	A/Panama/2007/1999(H3N2)-2017
17	1	2	8	A/Panama/2007/1999(H3N2)-2017
18	1	2	9	A/Panama/2007/1999(H3N2)-2017
19	1	2	10	A/Panama/2007/1999(H3N2)-2017
20	1	3	1	A/Panama/2007/1999(H3N2)-2017
21	1	3	2	A/Panama/2007/1999(H3N2)-2017
22	1	3	3	A/Panama/2007/1999(H3N2)-2017
23	1	3	4	A/Panama/2007/1999(H3N2)-2017
24	1	3	5	A/Panama/2007/1999(H3N2)-2017
25	1	3	6	A/Panama/2007/1999(H3N2)-2017
26	1	3	7	A/Panama/2007/1999(H3N2)-2017
27	1	3	8	A/Panama/2007/1999(H3N2)-2017
28	1	3	9	A/Panama/2007/1999(H3N2)-2017
29	1	3	10	A/Panama/2007/1999(H3N2)-2017
30	1	4	1	A/Panama/2007/1999(H3N2)-2017
31	1	4	2	A/Panama/2007/1999(H3N2)-2017
32	1	4	3	A/Panama/2007/1999(H3N2)-2017
33	1	4	4	A/Panama/2007/1999(H3N2)-2017
34	1	4	5	A/Panama/2007/1999(H3N2)-2017
35	1	4	6	A/Panama/2007/1999(H3N2)-2017
36	1	4	7	A/Panama/2007/1999(H3N2)-2017
37	1	4	8	A/Panama/2007/1999(H3N2)-2017
38	1	4	9	A/Panama/2007/1999(H3N2)-2017
39	1	4	10	A/Panama/2007/1999(H3N2)-2017
40	1	5	1	A/Panama/2007/1999(H3N2)-2017
41	1	5	2	A/Panama/2007/1999(H3N2)-2017
42	1	5	3	A/Panama/2007/1999(H3N2)-2017
43	1	5	4	A/Panama/2007/1999(H3N2)-2017
44	1	5	5	A/Panama/2007/1999(H3N2)-2017
45	1	5	6	A/Panama/2007/1999(H3N2)-2017
46	1	5	7	A/Panama/2007/1999(H3N2)-2017
47	1	5	8	A/Panama/2007/1999(H3N2)-2017
48	1	5	9	A/Panama/2007/1999(H3N2)-2017
49	1	5	10	A/Panama/2007/1999(H3N2)-2017
50	1	6	1	A/Panama/2007/1999(H3N2)-2017
51	1	6	2	A/Panama/2007/1999(H3N2)-2017
52	1	6	3	A/Panama/2007/1999(H3N2)-2017
53	1	6	4	A/Panama/2007/1999(H3N2)-2017
54	1	6	5	A/Panama/2007/1999(H3N2)-2017
55	1	6	6	A/Panama/2007/1999(H3N2)-2017
56	1	6	7	A/Panama/2007/1999(H3N2)-2017
57	1	6	8	A/Panama/2007/1999(H3N2)-2017
58	1	6	9	A/Panama/2007/1999(H3N2)-2017
59	1	6	10	A/Panama/2007/1999(H3N2)-2017
60	1	7	1	A/Panama/2007/1999(H3N2)-2017
61	1	7	2	A/Panama/2007/1999(H3N2)-2017
62	1	7	3	A/Panama/2007/1999(H3N2)-2017
63	1	7	4	A/Panama/2007/1999(H3N2)-2017
64	1	7	5	A/Panama/2007/1999(H3N2)-2017
65	1	7	6	A/Panama/2007/1999(H3N2)-2017
66	1	7	7	A/Panama/2007/1999(H3N2)-2017
67	1	7	8	A/Panama/2007/1999(H3N2)-2017
68	1	7	9	A/Panama/2007/1999(H3N2)-2017
69	1	7	10	A/Panama/2007/1999(H3N2)-2017
70	1	8	1	A/Panama/2007/1999(H3N2)-2017
71	1	8	2	A/Panama/2007/1999(H3N2)-2017
72	1	8	3	A/Panama/2007/1999(H3N2)-2017
73	1	8	4	A/Panama/2007/1999(H3N2)-2017
74	1	8	5	A/Panama/2007/1999(H3N2)-2017
75	1	8	6	A/Panama/2007/1999(H3N2)-2017
76	1	8	7	A/Panama/2007/1999(H3N2)-2017
77	1	8	8	A/Panama/2007/1999(H3N2)-2017
78	1	8	9	A/Panama/2007/1999(H3N2)-2017
79	1	8	10	A/Panama/2007/1999(H3N2)-2017
80	1	9	1	A/Panama/2007/1999(H3N2)-2017
81	1	9	2	A/Panama/2007/1999(H3N2)-2017
82	1	9	3	A/Panama/2007/1999(H3N2)-2017
83	1	9	4	A/Panama/2007/1999(H3N2)-2017
84	1	9	5	A/Panama/2007/1999(H3N2)-2017
85	1	9	6	A/Panama/2007/1999(H3N2)-2017
86	1	9	7	A/Panama/2007/1999(H3N2)-2017
87	1	9	8	A/Panama/2007/1999(H3N2)-2017
88	1	9	9	A/Panama/2007/1999(H3N2)-2017
89	1	9	10	A/Panama/2007/1999(H3N2)-2017
90	1	10	1	A/Panama/2007/1999(H3N2)-2017
91	1	10	2	A/Panama/2007/1999(H3N2)-2017
92	1	10	3	A/Panama/2007/1999(H3N2)-2017
93	1	10	4	A/Panama/2007/1999(H3N2)-2017
94	1	10	5	A/Panama/2007/1999(H3N2)-2017
95	1	10	6	A/Panama/2007/1999(H3N2)-2017
96	1	10	7	A/Panama/2007/1999(H3N2)-2017
97	1	10	8	A/Panama/2007/1999(H3N2)-2017
98	1	10	9	A/Panama/2007/1999(H3N2)-2017
99	1	10	10	A/Panama/2007/1999(H3N2)-2017
100	1	11	1	A/Panama/2007/1999(H3N2)-2017
101	1	11	2	A/Panama/2007/1999(H3N2)-2017
102	1	11	3	A/Panama/2007/1999(H3N2)-2017
103	1	11	4	A/Panama/2007/1999(H3N2)-2017
104	1	11	5	A/Panama/2007/1999(H3N2)-2017
105	1	11	6	A/Panama/2007/1999(H3N2)-2017
106	1	11	7	A/Panama/2007/1999(H3N2)-2017
107	1	11	8	A/Panama/2007/1999(H3N2)-2017
108	1	11	9	A/Panama/2007/1999(H3N2)-2017
109	1	11	10	A/Panama/2007/1999(H3N2)-2017
110	1	12	1	A/Panama/2007/1999(H3N2)-2017
111	1	12	2	A/Panama/2007/1999(H3N2)-2017
112	1	12	3	A/Panama/2007/1999(H3N2)-2017
113	1	12	4	A/Panama/2007/1999(H3N2)-2017
114	1	12	5	A/Panama/2007/1999(H3N2)-2017
115	1	12	6	A/Panama/2007/1999(H3N2)-2017
116	1	12	7	A/Panama/2007/1999(H3N2)-2017
117	1	12	8	A/Panama/2007/1999(H3N2)-2017
118	1	12	9	A/Panama/2007/1999(H3N2)-2017
119	1	12	10	A/Panama/2007/1999(H3N2)-2017
120	2	13	1	A/Panama/2007/1999(H3N2)-2017
121	2	13	2	A/Panama/2007/1999(H3N2)-2017
122	2	13	3	A/Panama/2007/1999(H3N2)-2017
123	2	13	4	A/Panama/2007/1999(H3N2)-2017
124	2	13	5	A/Panama/2007/1999(H3N2)-2017
125	2	13	6	A/Panama/2007/1999(H3N2)-2017
126	2	13	7	A/Panama/2007/1999(H3N2)-2017
127	2	13	8	A/Panama/2007/1999(H3N2)-2017
128	2	13	9	A/Panama/2007/1999(H3N2)-2017
129	2	13	10	A/Panama/2007/1999(H3N2)-2017
130	2	14	1	A/Panama/2007/1999(H3N2)-2017
131	2	14	2	A/Panama/2007/1999(H3N2)-2017
132	2	14	3	A/Panama/2007/1999(H3N2)-2017
133	2	14	4	A/Panama/2007/1999(H3N2)-2017
134	2	14	5	A/Panama/2007/1999(H3N2)-2017
135	2	14	6	A/Panama/2007/1999(H3N2)-2017
136	2	14	7	A/Panama/2007/1999(H3N2)-2017
137	2	14	8	A/Panama/2007/1999(H3N2)-2017
138	2	14	9	A/Panama/2007/1999(H3N2)-2017
139	2	14	10	A/Panama/2007/1999(H3N2)-2017
140	2	15	1	A/Panama/2007/1999(H3N2)-2017
141	2	15	2	A/Panama/2007/1999(H3N2)-2017
142	2	15	3	A/Panama/2007/1999(H3N2)-2017
143	2	15	4	A/Panama/2007/1999(H3N2)-2017
144	2	15	5	A/Panama/2007/1999(H3N2)-2017
145	2	15	6	A/Panama/2007/1999(H3N2)-2017
146	2	15	7	A/Panama/2007/1999(H3N2)-2017
147	2	15	8	A/Panama/2007/1999(H3N2)-2017
148	2	15	9	A/Panama/2007/1999(H3N2)-2017
149	2	15	10	A/Panama/2007/1999(H3N2)-2017
150	2	16	1	A/Panama/2007/1999(H3N2)-2017
151	2	16	2	A/Panama/2007/1999(H3N2)-2017
152	2	16	3	A/Panama/2007/1999(H3N2)-2017
153	2	16	4	A/Panama/2007/1999(H3N2)-2017
154	2	16	5	A/Panama/2007/1999(H3N2)-2017
155	2	16	6	A/Panama/2007/1999(H3N2)-2017
156	2	16	7	A/Panama/2007/1999(H3N2)-2017
157	2	16	8	A/Panama/2007/1999(H3N2)-2017
158	2	16	9	A/Panama/2007/1999(H3N2)-2017
159	2	16	10	A/Panama/2007/1999(H3N2)-2017
160	2	17	1	A/Panama/2007/1999(H3N2)-2017
161	2	17	2	A/Panama/2007/1999(H3N2)-2017
162	2	17	3	A/Panama/2007/1999(H3N2)-2017
163	2	17	4	A/Panama/2007/1999(H3N2)-2017
164	2	17	5	A/Panama/2007/1999(H3N2)-2017
165	2	17	6	A/Panama/2007/1999(H3N2)-2017
166	2	17	7	A/Panama/2007/1999(H3N2)-2017
167	2	17	8	A/Panama/2007/1999(H3N2)-2017
168	2	17	9	A/Panama/2007/1999(H3N2)-2017
169	2	17	10	A/Panama/2007/1999(H3N2)-2017
170	2	18	1	A/Panama/2007/1999(H3N2)-2017
171	2	18	2	A/Panama/2007/1999(H3N2)-2017
172	2	18	3	A/Panama/2007/1999(H3N2)-2017
173	2	18	4	A/Panama/2007/1999(H3N2)-2017
174	2	18	5	A/Panama/2007/1999(H3N2)-2017
175	2	18	6	A/Panama/2007/1999(H3N2)-2017
176	2	18	7	A/Panama/2007/1999(H3N2)-2017
177	2	18	8	A/Panama/2007/1999(H3N2)-2017
178	2	18	9	A/Panama/2007/1999(H3N2)-2017
179	2	18	10	A/Panama/2007/1999(H3N2)-2017
180	2	19	1	A/Panama/2007/1999(H3N2)-2017
181	2	19	2	A/Panama/2007/1999(H3N2)-2017
182	2	19	3	A/Panama/2007/1999(H3N2)-2017
183	2	19	4	A/Panama/2007/1999(H3N2)-2017
184	2	19	5	A/Panama/2007/1999(H3N2)-2017
185	2	19	6	A/Panama/2007/1999(H3N2)-2017
186	2	19	7	A/Panama/2007/1999(H3N2)-2017
187	2	19	8	A/Panama/2007/1999(H3N2)-2017
188	2	19	9	A/Panama/2007/1999(H3N2)-2017
189	2	19	10	A/Panama/2007/1999(H3N2)-2017
190	2	20	1	A/Panama/2007/1999(H3N2)-2017
191	2	20	2	A/Panama/2007/1999(H3N2)-2017
192	2	20	3	A/Panama/2007/1999(H3N2)-2017
193	2	20	4	A/Panama/2007/1999(H3N2)-2017
194	2	20	5	A/Panama/2007/1999(H3N2)-2017
195	2	20	6	A/Panama/2007/1999(H3N2)-2017
196	2	20	7	A/Panama/2007/1999(H3N2)-2017
197	2	20	8	A/Panama/2007/1999(H3N2)-2017
198	2	20	9	A/Panama/2007/1999(H3N2)-2017
199	2	20	10	A/Panama/2007/1999(H3N2)-2017
200	2	21	1	A/Panama/2007/1999(H3N2)-2017
201	2	21	2	A/Panama/2007/1999(H3N2)-2017
202	2	21	3	A/Panama/2007/1999(H3N2)-2017
203	2	21	4	A/Panama/2007/1999(H3N2)-2017
204	2	21	5	A/Panama/2007/1999(H3N2)-2017
205	2	21	6	A/Panama/2007/1999(H3N2)-2017
206	2	21	7	A/Panama/2007/1999(H3N2)-2017
207	2	21	8	A/Panama/2007/1999(H3N2)-2017
208	2	21	9	A/Panama/2007/1999(H3N2)-2017
209	2	21	10	A/Panama/2007/1999(H3N2)-2017
210	2	22	1	A/Panama/2007/1999(H3N2)-2017
211	2	22	2	A/Panama/2007/1999(H3N2)-2017
212	2	22	3	A/Panama/2007/1999(H3N2)-2017
213	2	22	4	A/Panama/2007/1999(H3N2)-2017
214	2	22	5	A/Panama/2007/1999(H3N2)-2017
215	2	22	6	A/Panama/2007/1999(H3N2)-2017
216	2	22	7	A/Panama/2007/1999(H3N2)-2017
217	2	22	8	A/Panama/2007/1999(H3N2)-2017
218	2	22	9	A/Panama/2007/1999(H3N2)-2017
219	2	22	10	A/Panama/2007/1999(H3N2)-2017
220	2	23	1	A/Panama/2007/1999(H3N2)-2017
221	2	23	2	A/Panama/2007/1999(H3N2)-2017
222	2	23	3	A/Panama/2007/1999(H3N2)-2017
223	2	23	4	A/Panama/2007/1999(H3N2)-2017
224	2	23	5	A/Panama/2007/1999(H3N2)-2017
225	2	23	6	A/Panama/2007/1999(H3N2)-2017
226	2	23	7	A/Panama/2007/1999(H3N2)-2017
227	2	23	8	A/Panama/2007/1999(H3N2)-2017
228	2	23	9	A/Panama/2007/1999(H3N2)-2017
229	2	23	10	A/Panama/2007/1999(H3N2)-2017
230	2	24	1	A/Panama/2007/1999(H3N2)-2017
231	2	24	2	A/Panama/2007/1999(H3N2)-2017
232	2	24	3	A/Panama/2007/1999(H3N2)-2017
233	2	24	4	A/Panama/2007/1999(H3N2)-2017
234	2	24	5	A/Panama/2007/1999(H3N2)-2017
235	2	24	6	A/Panama/2007/1999(H3N2)-2017
236	2	24	7	A/Panama/2007/1999(H3N2)-2017
237	2	24	8	A/Panama/2007/1999(H3N2)-2017
238	2	24	9	A/Panama/2007/1999(H3N2)-2017
239	2	24	10	A/Panama/2007/1999(H3N2)-2017
240	3	25	1	A/Panama/2007/1999(H3N2)-2017
241	3	25	2	A/Panama/2007/1999(H3N2)-2017
242	3	25	3	A/Panama/2007/1999(H3N2)-2017
243	3	25	4	A/Panama/2007/1999(H3N2)-2017
244	3	25	5	A/Panama/2007/1999(H3N2)-2017
245	3	25	6	A/Panama/2007/1999(H3N2)-2017
246	3	25	7	A/Panama/2007/1999(H3N2)-2017
247	3	25	8	A/Panama/2007/1999(H3N2)-2017
248	3	25	9	A/Panama/2007/1999(H3N2)-2017
249	3	25	10	A/Panama/2007/1999(H3N2)-2017
250	3	26	1	A/Panama/2007/1999(H3N2)-2017
251	3	26	2	A/Panama/2007/1999(H3N2)-2017
252	3	26	3	A/Panama/2007/1999(H3N2)-2017
253	3	26	4	A/Panama/2007/1999(H3N2)-2017
254	3	26	5	A/Panama/2007/1999(H3N2)-2017
255	3	26	6	A/Panama/2007/1999(H3N2)-2017
256	3	26	7	A/Panama/2007/1999(H3N2)-2017
257	3	26	8	A/Panama/2007/1999(H3N2)-2017
258	3	26	9	A/Panama/2007/1999(H3N2)-2017
259	3	26	10	A/Panama/2007/1999(H3N2)-2017
260	3	27	1	A/Panama/2007/1999(H3N2)-2017
261	3	27	2	A/Panama/2007/1999(H3N2)-2017
262	3	27	3	A/Panama/2007/1999(H3N2)-2017
263	3	27	4	A/Panama/2007/1999(H3N2)-2017
264	3	27	5	A/Panama/2007/1999(H3N2)-2017
265	3	27	6	A/Panama/2007/1999(H3N2)-2017
266	3	27	7	A/Panama/2007/1999(H3N2)-2017
267	3	27	8	A/Panama/2007/1999(H3N2)-2017
268	3	27	9	A/Panama/2007/1999(H3N2)-2017
269	3	27	10	A/Panama/2007/1999(H3N2)-2017
270	3	28	1	A/Panama/2007/1999(H3N2)-2017
271	3	28	2	A/Panama/2007/1999(H3N2)-2017
272	3	28	3	A/Panama/2007/1999(H3N2)-2017
273	3	28	4	A/Panama/2007/1999(H3N2)-2017
274	3	28	5	A/Panama/2007/1999(H3N2)-2017
275	3	28	6	A/Panama/2007/1999(H3N2)-2017
276	3	28	7	A/Panama/2007/1999(H3N2)-2017
277	3	28	8	A/Panama/2007/1999(H3N2)-2017
278	3	28	9	A/Panama/2007/1999(H3N2)-2017
279	3	28	10	A/Panama/2007/1999(H3N2)-2017
280	3	29	1	A/Panama/2007/1999(H3N2)-2017
281	3	29	2	A/Panama/2007/1999(H3N2)-2017
282	3	29	3	A/Panama/2007/1999(H3N2)-2017
283	3	29	4	A/Panama/2007/1999(H3N2)-2017
284	3	29	5	A/Panama/2007/1999(H3N2)-2017
285	3	29	6	A/Panama/2007/1999(H3N2)-2017
286	3	29	7	A/Panama/2007/1999(H3N2)-2017
287	3	29	8	A/Panama/2007/1999(H3N2)-2017
288	3	29	9	A/Panama/2007/1999(H3N2)-2017
289	3	29	10	A/Panama/2007/1999(H3N2)-2017
290	3	30	1	A/Panama/2007/1999(H3N2)-2017
291	3	30	2	A/Panama/2007/1999(H3N2)-2017
292	3	30	3	A/Panama/2007/1999(H3N2)-2017
293	3	30	4	A/Panama/2007/1999(H3N2)-2017
294	3	30	5	A/Panama/2007/1999(H3N2)-2017
295	3	30	6	A/Panama/2007/1999(H3N2)-2017
296	3	30	7	A/Panama/2007/1999(H3N2)-2017
297	3	30	8	A/Panama/2007/1999(H3N2)-2017
298	3	30	9	A/Panama/2007/1999(H3N2)-2017
299	3	30	10	A/Panama/2007/1999(H3N2)-2017
300	3	31	1	A/Panama/2007/1999(H3N2)-2017
301	3	31	2	A/Panama/2007/1999(H3N2)-2017
302	3	31	3	A/Panama/2007/1999(H3N2)-2017
303	3	31	4	A/Panama/2007/1999(H3N2)-2017
304	3	31	5	A/Panama/2007/1999(H3N2)-2017
305	3	31	6	A/Panama/2007/1999(H3N2)-2017
306	3	31	7	A/Panama/2007/1999(H3N2)-2017
307	3	31	8	A/Panama/2007/1999(H3N2)-2017
308	3	31	9	A/Panama/2007/1999(H3N2)-2017
309	3	31	10	A/Panama/2007/1999(H3N2)-2017
310	3	32	1	A/Panama/2007/1999(H3N2)-2017
311	3	32	2	A/Panama/2007/1999(H3N2)-2017
312	3	32	3	A/Panama/2007/1999(H3N2)-2017
313	3	32	4	A/Panama/2007/1999(H3N2)-2017
314	3	32	5	A/Panama/2007/1999(H3N2)-2017
315	3	32	6	A/Panama/2007/1999(H3N2)-2017
316	3	32	7	A/Panama/2007/1999(H3N2)-2017
317	3	32	8	A/Panama/2007/1999(H3N2)-2017
318	3	32	9	A/Panama/2007/1999(H3N2)-2017
319	3	32	10	A/Panama/2007/1999(H3N2)-2017
320	3	33	1	A/Panama/2007/1999(H3N2)-2017
321	3	33	2	A/Panama/2007/1999(H3N2)-2017
322	3	33	3	A/Panama/2007/1999(H3N2)-2017
323	3	33	4	A/Panama/2007/1999(H3N2)-2017
324	3	33	5	A/Panama/2007/1999(H3N2)-2017
325	3	33	6	A/Panama/2007/1999(H3N2)-2017
326	3	33	7	A/Panama/2007/1999(H3N2)-2017
327	3	33	8	A/Panama/2007/1999(H3N2)-2017
328	3	33	9	A/Panama/2007/1999(H3N2)-2017
329	3	33	10	A/Panama/2007/1999(H3N2)-2017
330	3	34	1	A/Panama/2007/1999(H3N2)-2017
331	3	34	2	A/Panama/2007/1999(H3N2)-2017
332	3	34	3	A/Panama/2007/1999(H3N2)-2017
333	3	34	4	A/Panama/2007/1999(H3N2)-2017
334	3	34	5	A/Panama/2007/1999(H3N2)-2017
335	3	34	6	A/Panama/2007/1999(H3N2)-2017
336	3	34	7	A/Panama/2007/1999(H3N2)-2017
337	3	34	8	A/Panama/2007/1999(H3N2)-2017
338	3	34	9	A/Panama/2007/1999(H3N2)-2017
339	3	34	10	A/Panama/2007/1999(H3N2)-2017
340	3	35	1	A/Panama/2007/1999(H3N2)-2017
341	3	35	2	A/Panama/2007/1999(H3N2)-2017
342	3	35	3	A/Panama/2007/1999(H3N2)-2017
343	3	35	4	A/Panama/2007/1999(H3N2)-2017
344	3	35	5	A/Panama/2007/1999(H3N2)-2017
345	3	35	6	A/Panama/2007/1999(H3N2)-2017
346	3	35	7	A/Panama/2007/1999(H3N2)-2017
347	3	35	8	A/Panama/2007/1999(H3N2)-2017
348	3	35	9	A/Panama/2007/1999(H3N2)-2017
349	3	35	10	A/Panama/2007/1999(H3N2)-2017
350	3	36	1	A/Panama/2007/1999(H3N2)-2017
351	3	36	2	A/Panama/2007/1999(H3N2)-2017
352	3	36	3	A/Panama/2007/1999(H3N2)-2017
353	3	36	4	A/Panama/2007/1999(H3N2)-2017
354	3	36	5	A/Panama/2007/1999(H3N2)-2017
355	3	36	6	A/Panama/2007/1999(H3N2)-2017
356	3	36	7	A/Panama/2007/1999(H3N2)-2017
357	3	36	8	A/Panama/2007/1999(H3N2)-2017
358	3	36	9	A/Panama/2007/1999(H3N2)-2017
359	3	36	10	A/Panama/2007/1999(H3N2)-2017
