ID	Block	Row	Column	Name
0	1	1	1	
1	1	1	2	
2	1	1	3	
3	1	1	4	
4	1	1	5	
5	1	1	6	
6	1	1	7	
7	1	1	8	
8	1	1	9	
9	1	1	10	
10	1	2	1	P010-1
11	1	2	2	P010-0.5
12	1	2	3	P010-0.25
13	1	2	4	P011-1
14	1	2	5	P011-0.5
15	1	2	6	P011-0.25
16	1	2	7	P012-1
17	1	2	8	P012-0.5
18	1	2	9	P012-0.25
19	1	2	10	P013-1
20	1	3	1	P013-0.5
21	1	3	2	P013-0.25
22	1	3	3	P014-1
23	1	3	4	P014-0.5
24	1	3	5	P014-0.25
25	1	3	6	P001-1
26	1	3	7	P001-0.5
27	1	3	8	P001-0.25
28	1	3	9	P049-1
29	1	3	10	P049-0.5
30	1	4	1	P049-0.25
31	1	4	2	P050-1
32	1	4	3	P050-0.5
33	1	4	4	P050-0.25
34	1	4	5	P052-1
35	1	4	6	P052-0.5
36	1	4	7	P052-0.25
37	1	4	8	P061-1
38	1	4	9	P061-0.5
39	1	4	10	P061-0.25
40	1	5	1	LF-1
41	1	5	2	LF-0.5
42	1	5	3	LF-0.25
43	1	5	4	P010-1
44	1	5	5	P010-0.5
45	1	5	6	P010-0.25
46	1	5	7	P011-1
47	1	5	8	P011-0.5
48	1	5	9	P011-0.25
49	1	5	10	P012-1
50	1	6	1	P012-0.5
51	1	6	2	P012-0.25
52	1	6	3	P013-1
53	1	6	4	P013-0.5
54	1	6	5	P013-0.25
55	1	6	6	P014-1
56	1	6	7	P014-0.5
57	1	6	8	P014-0.25
58	1	6	9	P001-1
59	1	6	10	P001-0.5
60	1	7	1	P001-0.25
61	1	7	2	P049-1
62	1	7	3	P049-0.5
63	1	7	4	P049-0.25
64	1	7	5	P050-1
65	1	7	6	P050-0.5
66	1	7	7	P050-0.25
67	1	7	8	P052-1
68	1	7	9	P052-0.5
69	1	7	10	P052-0.25
70	1	8	1	P061-1
71	1	8	2	P061-0.5
72	1	8	3	P061-0.25
73	1	8	4	LF-1
74	1	8	5	LF-0.5
75	1	8	6	LF-0.25
76	1	8	7	P010-1
77	1	8	8	P010-0.5
78	1	8	9	P010-0.25
79	1	8	10	P011-1
80	1	9	1	P011-0.5
81	1	9	2	P011-0.25
82	1	9	3	P012-1
83	1	9	4	P012-0.5
84	1	9	5	P012-0.25
85	1	9	6	P013-1
86	1	9	7	P013-0.5
87	1	9	8	P013-0.25
88	1	9	9	P014-1
89	1	9	10	P014-0.5
90	1	10	1	P014-0.25
91	1	10	2	P001-1
92	1	10	3	P001-0.5
93	1	10	4	P001-0.25
94	1	10	5	P049-1
95	1	10	6	P049-0.5
96	1	10	7	P049-0.25
97	1	10	8	P050-1
98	1	10	9	P050-0.5
99	1	10	10	P050-0.25
100	1	11	1	P052-1
101	1	11	2	P052-0.5
102	1	11	3	P052-0.25
103	1	11	4	P061-1
104	1	11	5	P061-0.5
105	1	11	6	P061-0.25
106	1	11	7	LF-1
107	1	11	8	LF-0.5
108	1	11	9	LF-0.25
109	1	11	10	
110	1	12	1	
111	1	12	2	
112	1	12	3	
113	1	12	4	
114	1	12	5	
115	1	12	6	
116	1	12	7	
117	1	12	8	
118	1	12	9	
119	1	12	10	
120	2	13	1	
121	2	13	2	
122	2	13	3	
123	2	13	4	
124	2	13	5	
125	2	13	6	
126	2	13	7	
127	2	13	8	
128	2	13	9	
129	2	13	10	
130	2	14	1	P010-1
131	2	14	2	P010-0.5
132	2	14	3	P010-0.25
133	2	14	4	P011-1
134	2	14	5	P011-0.5
135	2	14	6	P011-0.25
136	2	14	7	P012-1
137	2	14	8	P012-0.5
138	2	14	9	P012-0.25
139	2	14	10	P013-1
140	2	15	1	P013-0.5
141	2	15	2	P013-0.25
142	2	15	3	P014-1
143	2	15	4	P014-0.5
144	2	15	5	P014-0.25
145	2	15	6	P001-1
146	2	15	7	P001-0.5
147	2	15	8	P001-0.25
148	2	15	9	P049-1
149	2	15	10	P049-0.5
150	2	16	1	P049-0.25
151	2	16	2	P050-1
152	2	16	3	P050-0.5
153	2	16	4	P050-0.25
154	2	16	5	P052-1
155	2	16	6	P052-0.5
156	2	16	7	P052-0.25
157	2	16	8	P061-1
158	2	16	9	P061-0.5
159	2	16	10	P061-0.25
160	2	17	1	LF-1
161	2	17	2	LF-0.5
162	2	17	3	LF-0.25
163	2	17	4	P010-1
164	2	17	5	P010-0.5
165	2	17	6	P010-0.25
166	2	17	7	P011-1
167	2	17	8	P011-0.5
168	2	17	9	P011-0.25
169	2	17	10	P012-1
170	2	18	1	P012-0.5
171	2	18	2	P012-0.25
172	2	18	3	P013-1
173	2	18	4	P013-0.5
174	2	18	5	P013-0.25
175	2	18	6	P014-1
176	2	18	7	P014-0.5
177	2	18	8	P014-0.25
178	2	18	9	P001-1
179	2	18	10	P001-0.5
180	2	19	1	P001-0.25
181	2	19	2	P049-1
182	2	19	3	P049-0.5
183	2	19	4	P049-0.25
184	2	19	5	P050-1
185	2	19	6	P050-0.5
186	2	19	7	P050-0.25
187	2	19	8	P052-1
188	2	19	9	P052-0.5
189	2	19	10	P052-0.25
190	2	20	1	P061-1
191	2	20	2	P061-0.5
192	2	20	3	P061-0.25
193	2	20	4	LF-1
194	2	20	5	LF-0.5
195	2	20	6	LF-0.25
196	2	20	7	P010-1
197	2	20	8	P010-0.5
198	2	20	9	P010-0.25
199	2	20	10	P011-1
200	2	21	1	P011-0.5
201	2	21	2	P011-0.25
202	2	21	3	P012-1
203	2	21	4	P012-0.5
204	2	21	5	P012-0.25
205	2	21	6	P013-1
206	2	21	7	P013-0.5
207	2	21	8	P013-0.25
208	2	21	9	P014-1
209	2	21	10	P014-0.5
210	2	22	1	P014-0.25
211	2	22	2	P001-1
212	2	22	3	P001-0.5
213	2	22	4	P001-0.25
214	2	22	5	P049-1
215	2	22	6	P049-0.5
216	2	22	7	P049-0.25
217	2	22	8	P050-1
218	2	22	9	P050-0.5
219	2	22	10	P050-0.25
220	2	23	1	P052-1
221	2	23	2	P052-0.5
222	2	23	3	P052-0.25
223	2	23	4	P061-1
224	2	23	5	P061-0.5
225	2	23	6	P061-0.25
226	2	23	7	LF-1
227	2	23	8	LF-0.5
228	2	23	9	LF-0.25
229	2	23	10	
230	2	24	1	
231	2	24	2	
232	2	24	3	
233	2	24	4	
234	2	24	5	
235	2	24	6	
236	2	24	7	
237	2	24	8	
238	2	24	9	
239	2	24	10	
240	3	25	1	
241	3	25	2	
242	3	25	3	
243	3	25	4	
244	3	25	5	
245	3	25	6	
246	3	25	7	
247	3	25	8	
248	3	25	9	
249	3	25	10	
250	3	26	1	P010-1
251	3	26	2	P010-0.5
252	3	26	3	P010-0.25
253	3	26	4	P011-1
254	3	26	5	P011-0.5
255	3	26	6	P011-0.25
256	3	26	7	P012-1
257	3	26	8	P012-0.5
258	3	26	9	P012-0.25
259	3	26	10	P013-1
260	3	27	1	P013-0.5
261	3	27	2	P013-0.25
262	3	27	3	P014-1
263	3	27	4	P014-0.5
264	3	27	5	P014-0.25
265	3	27	6	P001-1
266	3	27	7	P001-0.5
267	3	27	8	P001-0.25
268	3	27	9	P049-1
269	3	27	10	P049-0.5
270	3	28	1	P049-0.25
271	3	28	2	P050-1
272	3	28	3	P050-0.5
273	3	28	4	P050-0.25
274	3	28	5	P052-1
275	3	28	6	P052-0.5
276	3	28	7	P052-0.25
277	3	28	8	P061-1
278	3	28	9	P061-0.5
279	3	28	10	P061-0.25
280	3	29	1	LF-1
281	3	29	2	LF-0.5
282	3	29	3	LF-0.25
283	3	29	4	P010-1
284	3	29	5	P010-0.5
285	3	29	6	P010-0.25
286	3	29	7	P011-1
287	3	29	8	P011-0.5
288	3	29	9	P011-0.25
289	3	29	10	P012-1
290	3	30	1	P012-0.5
291	3	30	2	P012-0.25
292	3	30	3	P013-1
293	3	30	4	P013-0.5
294	3	30	5	P013-0.25
295	3	30	6	P014-1
296	3	30	7	P014-0.5
297	3	30	8	P014-0.25
298	3	30	9	P001-1
299	3	30	10	P001-0.5
300	3	31	1	P001-0.25
301	3	31	2	P049-1
302	3	31	3	P049-0.5
303	3	31	4	P049-0.25
304	3	31	5	P050-1
305	3	31	6	P050-0.5
306	3	31	7	P050-0.25
307	3	31	8	P052-1
308	3	31	9	P052-0.5
309	3	31	10	P052-0.25
310	3	32	1	P061-1
311	3	32	2	P061-0.5
312	3	32	3	P061-0.25
313	3	32	4	LF-1
314	3	32	5	LF-0.5
315	3	32	6	LF-0.25
316	3	32	7	P010-1
317	3	32	8	P010-0.5
318	3	32	9	P010-0.25
319	3	32	10	P011-1
320	3	33	1	P011-0.5
321	3	33	2	P011-0.25
322	3	33	3	P012-1
323	3	33	4	P012-0.5
324	3	33	5	P012-0.25
325	3	33	6	P013-1
326	3	33	7	P013-0.5
327	3	33	8	P013-0.25
328	3	33	9	P014-1
329	3	33	10	P014-0.5
330	3	34	1	P014-0.25
331	3	34	2	P001-1
332	3	34	3	P001-0.5
333	3	34	4	P001-0.25
334	3	34	5	P049-1
335	3	34	6	P049-0.5
336	3	34	7	P049-0.25
337	3	34	8	P050-1
338	3	34	9	P050-0.5
339	3	34	10	P050-0.25
340	3	35	1	P052-1
341	3	35	2	P052-0.5
342	3	35	3	P052-0.25
343	3	35	4	P061-1
344	3	35	5	P061-0.5
345	3	35	6	P061-0.25
346	3	35	7	LF-1
347	3	35	8	LF-0.5
348	3	35	9	LF-0.25
349	3	35	10	
350	3	36	1	
351	3	36	2	
352	3	36	3	
353	3	36	4	
354	3	36	5	
355	3	36	6	
356	3	36	7	
357	3	36	8	
358	3	36	9	
359	3	36	10	
