ID	Block	Row	Column	Name
0	1	1	1	X31A
1	1	1	2	X31A
2	1	1	3	X31A
3	1	1	4	X31A
4	1	1	5	X31A
5	1	1	6	X31A
6	1	1	7	X31A
7	1	1	8	X31A
8	1	1	9	X31A
9	1	1	10	X31A
10	1	2	1	X31A
11	1	2	2	X31A
12	1	2	3	X31A
13	1	2	4	X31A
14	1	2	5	X31A
15	1	2	6	X31A
16	1	2	7	X31A
17	1	2	8	X31A
18	1	2	9	X31A
19	1	2	10	X31A
20	1	3	1	X31A
21	1	3	2	X31A
22	1	3	3	X31A
23	1	3	4	X31A
24	1	3	5	X31A
25	1	3	6	X31A
26	1	3	7	X31A
27	1	3	8	X31A
28	1	3	9	X31A
29	1	3	10	X31A
30	1	4	1	X31A
31	1	4	2	X31A
32	1	4	3	X31A
33	1	4	4	X31A
34	1	4	5	X31A
35	1	4	6	X31A
36	1	4	7	X31A
37	1	4	8	X31A
38	1	4	9	X31A
39	1	4	10	X31A
40	1	5	1	X31A
41	1	5	2	X31A
42	1	5	3	X31A
43	1	5	4	X31A
44	1	5	5	X31A
45	1	5	6	X31A
46	1	5	7	X31A
47	1	5	8	X31A
48	1	5	9	X31A
49	1	5	10	X31A
50	1	6	1	X31A
51	1	6	2	X31A
52	1	6	3	X31A
53	1	6	4	X31A
54	1	6	5	X31A
55	1	6	6	X31A
56	1	6	7	X31A
57	1	6	8	X31A
58	1	6	9	X31A
59	1	6	10	X31A
60	1	7	1	X31A
61	1	7	2	X31A
62	1	7	3	X31A
63	1	7	4	X31A
64	1	7	5	X31A
65	1	7	6	X31A
66	1	7	7	X31A
67	1	7	8	X31A
68	1	7	9	X31A
69	1	7	10	X31A
70	1	8	1	X31A
71	1	8	2	X31A
72	1	8	3	X31A
73	1	8	4	X31A
74	1	8	5	X31A
75	1	8	6	X31A
76	1	8	7	X31A
77	1	8	8	X31A
78	1	8	9	X31A
79	1	8	10	X31A
80	1	9	1	X31A
81	1	9	2	X31A
82	1	9	3	X31A
83	1	9	4	X31A
84	1	9	5	X31A
85	1	9	6	X31A
86	1	9	7	X31A
87	1	9	8	X31A
88	1	9	9	X31A
89	1	9	10	X31A
90	1	10	1	X31A
91	1	10	2	X31A
92	1	10	3	X31A
93	1	10	4	X31A
94	1	10	5	X31A
95	1	10	6	X31A
96	1	10	7	X31A
97	1	10	8	X31A
98	1	10	9	X31A
99	1	10	10	X31A
100	1	11	1	X31A
101	1	11	2	X31A
102	1	11	3	X31A
103	1	11	4	X31A
104	1	11	5	X31A
105	1	11	6	X31A
106	1	11	7	X31A
107	1	11	8	X31A
108	1	11	9	X31A
109	1	11	10	X31A
110	1	12	1	X31A
111	1	12	2	X31A
112	1	12	3	X31A
113	1	12	4	X31A
114	1	12	5	X31A
115	1	12	6	X31A
116	1	12	7	X31A
117	1	12	8	X31A
118	1	12	9	X31A
119	1	12	10	X31A
120	2	13	1	X31A
121	2	13	2	X31A
122	2	13	3	X31A
123	2	13	4	X31A
124	2	13	5	X31A
125	2	13	6	X31A
126	2	13	7	X31A
127	2	13	8	X31A
128	2	13	9	X31A
129	2	13	10	X31A
130	2	14	1	X31A
131	2	14	2	X31A
132	2	14	3	X31A
133	2	14	4	X31A
134	2	14	5	X31A
135	2	14	6	X31A
136	2	14	7	X31A
137	2	14	8	X31A
138	2	14	9	X31A
139	2	14	10	X31A
140	2	15	1	X31A
141	2	15	2	X31A
142	2	15	3	X31A
143	2	15	4	X31A
144	2	15	5	X31A
145	2	15	6	X31A
146	2	15	7	X31A
147	2	15	8	X31A
148	2	15	9	X31A
149	2	15	10	X31A
150	2	16	1	X31A
151	2	16	2	X31A
152	2	16	3	X31A
153	2	16	4	X31A
154	2	16	5	X31A
155	2	16	6	X31A
156	2	16	7	X31A
157	2	16	8	X31A
158	2	16	9	X31A
159	2	16	10	X31A
160	2	17	1	X31A
161	2	17	2	X31A
162	2	17	3	X31A
163	2	17	4	X31A
164	2	17	5	X31A
165	2	17	6	X31A
166	2	17	7	X31A
167	2	17	8	X31A
168	2	17	9	X31A
169	2	17	10	X31A
170	2	18	1	X31A
171	2	18	2	X31A
172	2	18	3	X31A
173	2	18	4	X31A
174	2	18	5	X31A
175	2	18	6	X31A
176	2	18	7	X31A
177	2	18	8	X31A
178	2	18	9	X31A
179	2	18	10	X31A
180	2	19	1	X31A
181	2	19	2	X31A
182	2	19	3	X31A
183	2	19	4	X31A
184	2	19	5	X31A
185	2	19	6	X31A
186	2	19	7	X31A
187	2	19	8	X31A
188	2	19	9	X31A
189	2	19	10	X31A
190	2	20	1	X31A
191	2	20	2	X31A
192	2	20	3	X31A
193	2	20	4	X31A
194	2	20	5	X31A
195	2	20	6	X31A
196	2	20	7	X31A
197	2	20	8	X31A
198	2	20	9	X31A
199	2	20	10	X31A
200	2	21	1	X31A
201	2	21	2	X31A
202	2	21	3	X31A
203	2	21	4	X31A
204	2	21	5	X31A
205	2	21	6	X31A
206	2	21	7	X31A
207	2	21	8	X31A
208	2	21	9	X31A
209	2	21	10	X31A
210	2	22	1	X31A
211	2	22	2	X31A
212	2	22	3	X31A
213	2	22	4	X31A
214	2	22	5	X31A
215	2	22	6	X31A
216	2	22	7	X31A
217	2	22	8	X31A
218	2	22	9	X31A
219	2	22	10	X31A
220	2	23	1	X31A
221	2	23	2	X31A
222	2	23	3	X31A
223	2	23	4	X31A
224	2	23	5	X31A
225	2	23	6	X31A
226	2	23	7	X31A
227	2	23	8	X31A
228	2	23	9	X31A
229	2	23	10	X31A
230	2	24	1	X31A
231	2	24	2	X31A
232	2	24	3	X31A
233	2	24	4	X31A
234	2	24	5	X31A
235	2	24	6	X31A
236	2	24	7	X31A
237	2	24	8	X31A
238	2	24	9	X31A
239	2	24	10	X31A
240	3	25	1	X31A
241	3	25	2	X31A
242	3	25	3	X31A
243	3	25	4	X31A
244	3	25	5	X31A
245	3	25	6	X31A
246	3	25	7	X31A
247	3	25	8	X31A
248	3	25	9	X31A
249	3	25	10	X31A
250	3	26	1	X31A
251	3	26	2	X31A
252	3	26	3	X31A
253	3	26	4	X31A
254	3	26	5	X31A
255	3	26	6	X31A
256	3	26	7	X31A
257	3	26	8	X31A
258	3	26	9	X31A
259	3	26	10	X31A
260	3	27	1	X31A
261	3	27	2	X31A
262	3	27	3	X31A
263	3	27	4	X31A
264	3	27	5	X31A
265	3	27	6	X31A
266	3	27	7	X31A
267	3	27	8	X31A
268	3	27	9	X31A
269	3	27	10	X31A
270	3	28	1	X31A
271	3	28	2	X31A
272	3	28	3	X31A
273	3	28	4	X31A
274	3	28	5	X31A
275	3	28	6	X31A
276	3	28	7	X31A
277	3	28	8	X31A
278	3	28	9	X31A
279	3	28	10	X31A
280	3	29	1	X31A
281	3	29	2	X31A
282	3	29	3	X31A
283	3	29	4	X31A
284	3	29	5	X31A
285	3	29	6	X31A
286	3	29	7	X31A
287	3	29	8	X31A
288	3	29	9	X31A
289	3	29	10	X31A
290	3	30	1	X31A
291	3	30	2	X31A
292	3	30	3	X31A
293	3	30	4	X31A
294	3	30	5	X31A
295	3	30	6	X31A
296	3	30	7	X31A
297	3	30	8	X31A
298	3	30	9	X31A
299	3	30	10	X31A
300	3	31	1	X31A
301	3	31	2	X31A
302	3	31	3	X31A
303	3	31	4	X31A
304	3	31	5	X31A
305	3	31	6	X31A
306	3	31	7	X31A
307	3	31	8	X31A
308	3	31	9	X31A
309	3	31	10	X31A
310	3	32	1	X31A
311	3	32	2	X31A
312	3	32	3	X31A
313	3	32	4	X31A
314	3	32	5	X31A
315	3	32	6	X31A
316	3	32	7	X31A
317	3	32	8	X31A
318	3	32	9	X31A
319	3	32	10	X31A
320	3	33	1	X31A
321	3	33	2	X31A
322	3	33	3	X31A
323	3	33	4	X31A
324	3	33	5	X31A
325	3	33	6	X31A
326	3	33	7	X31A
327	3	33	8	X31A
328	3	33	9	X31A
329	3	33	10	X31A
330	3	34	1	X31A
331	3	34	2	X31A
332	3	34	3	X31A
333	3	34	4	X31A
334	3	34	5	X31A
335	3	34	6	X31A
336	3	34	7	X31A
337	3	34	8	X31A
338	3	34	9	X31A
339	3	34	10	X31A
340	3	35	1	X31A
341	3	35	2	X31A
342	3	35	3	X31A
343	3	35	4	X31A
344	3	35	5	X31A
345	3	35	6	X31A
346	3	35	7	X31A
347	3	35	8	X31A
348	3	35	9	X31A
349	3	35	10	X31A
350	3	36	1	X31A
351	3	36	2	X31A
352	3	36	3	X31A
353	3	36	4	X31A
354	3	36	5	X31A
355	3	36	6	X31A
356	3	36	7	X31A
357	3	36	8	X31A
358	3	36	9	X31A
359	3	36	10	X31A
