ID	Block	Row	Column	Name
1	1	1	1	X31-3-634
2	1	1	2	X31-3-634
3	1	1	3	X31-3-634
4	1	1	4	X31-3-634
5	1	1	5	X31-3-634
6	1	1	6	X31-3-634
7	1	1	7	X31-3-634
8	1	1	8	X31-3-634
9	1	1	9	X31-3-634
10	1	1	10	X31-3-634
11	1	1	11	X31-3-634
12	1	1	12	X31-3-634
13	1	2	1	X31-3-634
14	1	2	2	X31-3-634
15	1	2	3	X31-3-634
16	1	2	4	X31-3-634
17	1	2	5	X31-3-634
18	1	2	6	X31-3-634
19	1	2	7	X31-3-634
20	1	2	8	X31-3-634
21	1	2	9	X31-3-634
22	1	2	10	X31-3-634
23	1	2	11	X31-3-634
24	1	2	12	X31-3-634
25	1	3	1	X31-3-634
26	1	3	2	X31-3-634
27	1	3	3	X31-3-634
28	1	3	4	X31-3-634
29	1	3	5	X31-3-634
30	1	3	6	X31-3-634
31	1	3	7	X31-3-634
32	1	3	8	X31-3-634
33	1	3	9	X31-3-634
34	1	3	10	X31-3-634
35	1	3	11	X31-3-634
36	1	3	12	X31-3-634
37	1	4	1	X31-3-634
38	1	4	2	X31-3-634
39	1	4	3	X31-3-634
40	1	4	4	X31-3-634
41	1	4	5	X31-3-634
42	1	4	6	X31-3-634
43	1	4	7	X31-3-634
44	1	4	8	X31-3-634
45	1	4	9	X31-3-634
46	1	4	10	X31-3-634
47	1	4	11	X31-3-634
48	1	4	12	X31-3-634
49	1	5	1	X31-3-634
50	1	5	2	X31-3-634
51	1	5	3	X31-3-634
52	1	5	4	X31-3-634
53	1	5	5	X31-3-634
54	1	5	6	X31-3-634
55	1	5	7	X31-3-634
56	1	5	8	X31-3-634
57	1	5	9	X31-3-634
58	1	5	10	X31-3-634
59	1	5	11	X31-3-634
60	1	5	12	X31-3-634
61	1	6	1	X31-3-634
62	1	6	2	X31-3-634
63	1	6	3	X31-3-634
64	1	6	4	X31-3-634
65	1	6	5	X31-3-634
66	1	6	6	X31-3-634
67	1	6	7	X31-3-634
68	1	6	8	X31-3-634
69	1	6	9	X31-3-634
70	1	6	10	X31-3-634
71	1	6	11	X31-3-634
72	1	6	12	X31-3-634
73	1	7	1	X31-3-634
74	1	7	2	X31-3-634
75	1	7	3	X31-3-634
76	1	7	4	X31-3-634
77	1	7	5	X31-3-634
78	1	7	6	X31-3-634
79	1	7	7	X31-3-634
80	1	7	8	X31-3-634
81	1	7	9	X31-3-634
82	1	7	10	X31-3-634
83	1	7	11	X31-3-634
84	1	7	12	X31-3-634
85	1	8	1	X31-3-634
86	1	8	2	X31-3-634
87	1	8	3	X31-3-634
88	1	8	4	X31-3-634
89	1	8	5	X31-3-634
90	1	8	6	X31-3-634
91	1	8	7	X31-3-634
92	1	8	8	X31-3-634
93	1	8	9	X31-3-634
94	1	8	10	X31-3-634
95	1	8	11	X31-3-634
96	1	8	12	X31-3-634
