ID	Block	Row	Column	Name
0	1	1	1	Pan3
1	1	2	1	Pan3
2	1	3	1	Pan3
3	1	4	1	Pan3
4	1	5	1	Pan3
5	1	6	1	Pan3
6	1	7	1	Pan3
7	1	8	1	Pan3
8	1	9	1	Pan3
9	1	10	1	Pan3
10	1	11	1	Pan3
11	1	12	1	Pan3
12	1	13	1	Pan3
13	1	14	1	Pan3
14	1	15	1	Pan3
15	1	16	1	Pan3
16	1	1	2	Pan3
17	1	2	2	Pan3
18	1	3	2	Pan3
19	1	4	2	Pan3
20	1	5	2	Pan3
21	1	6	2	Pan3
22	1	7	2	Pan3
23	1	8	2	Pan3
24	1	9	2	Pan3
25	1	10	2	Pan3
26	1	11	2	Pan3
27	1	12	2	Pan3
28	1	13	2	Pan3
29	1	14	2	Pan3
30	1	15	2	Pan3
31	1	16	2	Pan3
32	1	1	3	Pan3
33	1	2	3	Pan3
34	1	3	3	Pan3
35	1	4	3	Pan3
36	1	5	3	Pan3
37	1	6	3	Pan3
38	1	7	3	Pan3
39	1	8	3	Pan3
40	1	9	3	Pan3
41	1	10	3	Pan3
42	1	11	3	Pan3
43	1	12	3	Pan3
44	1	13	3	Pan3
45	1	14	3	Pan3
46	1	15	3	Pan3
47	1	16	3	Pan3
48	1	1	4	Pan3
49	1	2	4	Pan3
50	1	3	4	Pan3
51	1	4	4	Pan3
52	1	5	4	Pan3
53	1	6	4	Pan3
54	1	7	4	Pan3
55	1	8	4	Pan3
56	1	9	4	Pan3
57	1	10	4	Pan3
58	1	11	4	Pan3
59	1	12	4	Pan3
60	1	13	4	Pan3
61	1	14	4	Pan3
62	1	15	4	Pan3
63	1	16	4	Pan3
64	1	1	5	Pan3
65	1	2	5	Pan3
66	1	3	5	Pan3
67	1	4	5	Pan3
68	1	5	5	Pan3
69	1	6	5	Pan3
70	1	7	5	Pan3
71	1	8	5	Pan3
72	1	9	5	Pan3
73	1	10	5	Pan3
74	1	11	5	Pan3
75	1	12	5	Pan3
76	1	13	5	Pan3
77	1	14	5	Pan3
78	1	15	5	Pan3
79	1	16	5	Pan3
80	1	1	6	Pan3
81	1	2	6	Pan3
82	1	3	6	Pan3
83	1	4	6	Pan3
84	1	5	6	Pan3
85	1	6	6	Pan3
86	1	7	6	Pan3
87	1	8	6	Pan3
88	1	9	6	Pan3
89	1	10	6	Pan3
90	1	11	6	Pan3
91	1	12	6	Pan3
92	1	13	6	Pan3
93	1	14	6	Pan3
94	1	15	6	Pan3
95	1	16	6	Pan3
96	1	1	7	Pan3
97	1	2	7	Pan3
98	1	3	7	Pan3
99	1	4	7	Pan3
100	1	5	7	Pan3
101	1	6	7	Pan3
102	1	7	7	Pan3
103	1	8	7	Pan3
104	1	9	7	Pan3
105	1	10	7	Pan3
106	1	11	7	Pan3
107	1	12	7	Pan3
108	1	13	7	Pan3
109	1	14	7	Pan3
110	1	15	7	Pan3
111	1	16	7	Pan3
112	1	1	8	Pan3
113	1	2	8	Pan3
114	1	3	8	Pan3
115	1	4	8	Pan3
116	1	5	8	Pan3
117	1	6	8	Pan3
118	1	7	8	Pan3
119	1	8	8	Pan3
120	1	9	8	Pan3
121	1	10	8	Pan3
122	1	11	8	Pan3
123	1	12	8	Pan3
124	1	13	8	Pan3
125	1	14	8	Pan3
126	1	15	8	Pan3
127	1	16	8	Pan3
128	1	1	9	Pan3
129	1	2	9	Pan3
130	1	3	9	Pan3
131	1	4	9	Pan3
132	1	5	9	Pan3
133	1	6	9	Pan3
134	1	7	9	Pan3
135	1	8	9	Pan3
136	1	9	9	Pan3
137	1	10	9	Pan3
138	1	11	9	Pan3
139	1	12	9	Pan3
140	1	13	9	Pan3
141	1	14	9	Pan3
142	1	15	9	Pan3
143	1	16	9	Pan3
144	1	1	10	Pan3
145	1	2	10	Pan3
146	1	3	10	Pan3
147	1	4	10	Pan3
148	1	5	10	Pan3
149	1	6	10	Pan3
150	1	7	10	Pan3
151	1	8	10	Pan3
152	1	9	10	Pan3
153	1	10	10	Pan3
154	1	11	10	Pan3
155	1	12	10	Pan3
156	1	13	10	Pan3
157	1	14	10	Pan3
158	1	15	10	Pan3
159	1	16	10	Pan3
160	2	1	1	Pan3
161	2	2	1	Pan3
162	2	3	1	Pan3
163	2	4	1	Pan3
164	2	5	1	Pan3
165	2	6	1	Pan3
166	2	7	1	Pan3
167	2	8	1	Pan3
168	2	9	1	Pan3
169	2	10	1	Pan3
170	2	11	1	Pan3
171	2	12	1	Pan3
172	2	13	1	Pan3
173	2	14	1	Pan3
174	2	15	1	Pan3
175	2	16	1	Pan3
176	2	1	2	Pan3
177	2	2	2	Pan3
178	2	3	2	Pan3
179	2	4	2	Pan3
180	2	5	2	Pan3
181	2	6	2	Pan3
182	2	7	2	Pan3
183	2	8	2	Pan3
184	2	9	2	Pan3
185	2	10	2	Pan3
186	2	11	2	Pan3
187	2	12	2	Pan3
188	2	13	2	Pan3
189	2	14	2	Pan3
190	2	15	2	Pan3
191	2	16	2	Pan3
192	2	1	3	Pan3
193	2	2	3	Pan3
194	2	3	3	Pan3
195	2	4	3	Pan3
196	2	5	3	Pan3
197	2	6	3	Pan3
198	2	7	3	Pan3
199	2	8	3	Pan3
200	2	9	3	Pan3
201	2	10	3	Pan3
202	2	11	3	Pan3
203	2	12	3	Pan3
204	2	13	3	Pan3
205	2	14	3	Pan3
206	2	15	3	Pan3
207	2	16	3	Pan3
208	2	1	4	Pan3
209	2	2	4	Pan3
210	2	3	4	Pan3
211	2	4	4	Pan3
212	2	5	4	Pan3
213	2	6	4	Pan3
214	2	7	4	Pan3
215	2	8	4	Pan3
216	2	9	4	Pan3
217	2	10	4	Pan3
218	2	11	4	Pan3
219	2	12	4	Pan3
220	2	13	4	Pan3
221	2	14	4	Pan3
222	2	15	4	Pan3
223	2	16	4	Pan3
224	2	1	5	Pan3
225	2	2	5	Pan3
226	2	3	5	Pan3
227	2	4	5	Pan3
228	2	5	5	Pan3
229	2	6	5	Pan3
230	2	7	5	Pan3
231	2	8	5	Pan3
232	2	9	5	Pan3
233	2	10	5	Pan3
234	2	11	5	Pan3
235	2	12	5	Pan3
236	2	13	5	Pan3
237	2	14	5	Pan3
238	2	15	5	Pan3
239	2	16	5	Pan3
240	2	1	6	Pan3
241	2	2	6	Pan3
242	2	3	6	Pan3
243	2	4	6	Pan3
244	2	5	6	Pan3
245	2	6	6	Pan3
246	2	7	6	Pan3
247	2	8	6	Pan3
248	2	9	6	Pan3
249	2	10	6	Pan3
250	2	11	6	Pan3
251	2	12	6	Pan3
252	2	13	6	Pan3
253	2	14	6	Pan3
254	2	15	6	Pan3
255	2	16	6	Pan3
256	2	1	7	Pan3
257	2	2	7	Pan3
258	2	3	7	Pan3
259	2	4	7	Pan3
260	2	5	7	Pan3
261	2	6	7	Pan3
262	2	7	7	Pan3
263	2	8	7	Pan3
264	2	9	7	Pan3
265	2	10	7	Pan3
266	2	11	7	Pan3
267	2	12	7	Pan3
268	2	13	7	Pan3
269	2	14	7	Pan3
270	2	15	7	Pan3
271	2	16	7	Pan3
272	2	1	8	Pan3
273	2	2	8	Pan3
274	2	3	8	Pan3
275	2	4	8	Pan3
276	2	5	8	Pan3
277	2	6	8	Pan3
278	2	7	8	Pan3
279	2	8	8	Pan3
280	2	9	8	Pan3
281	2	10	8	Pan3
282	2	11	8	Pan3
283	2	12	8	Pan3
284	2	13	8	Pan3
285	2	14	8	Pan3
286	2	15	8	Pan3
287	2	16	8	Pan3
288	2	1	9	Pan3
289	2	2	9	Pan3
290	2	3	9	Pan3
291	2	4	9	Pan3
292	2	5	9	Pan3
293	2	6	9	Pan3
294	2	7	9	Pan3
295	2	8	9	Pan3
296	2	9	9	Pan3
297	2	10	9	Pan3
298	2	11	9	Pan3
299	2	12	9	Pan3
300	2	13	9	Pan3
301	2	14	9	Pan3
302	2	15	9	Pan3
303	2	16	9	Pan3
304	2	1	10	Pan3
305	2	2	10	Pan3
306	2	3	10	Pan3
307	2	4	10	Pan3
308	2	5	10	Pan3
309	2	6	10	Pan3
310	2	7	10	Pan3
311	2	8	10	Pan3
312	2	9	10	Pan3
313	2	10	10	Pan3
314	2	11	10	Pan3
315	2	12	10	Pan3
316	2	13	10	Pan3
317	2	14	10	Pan3
318	2	15	10	Pan3
319	2	16	10	Pan3
320	3	1	1	Pan3
321	3	2	1	Pan3
322	3	3	1	Pan3
323	3	4	1	Pan3
324	3	5	1	Pan3
325	3	6	1	Pan3
326	3	7	1	Pan3
327	3	8	1	Pan3
328	3	9	1	Pan3
329	3	10	1	Pan3
330	3	11	1	Pan3
331	3	12	1	Pan3
332	3	13	1	Pan3
333	3	14	1	Pan3
334	3	15	1	Pan3
335	3	16	1	Pan3
336	3	1	2	Pan3
337	3	2	2	Pan3
338	3	3	2	Pan3
339	3	4	2	Pan3
340	3	5	2	Pan3
341	3	6	2	Pan3
342	3	7	2	Pan3
343	3	8	2	Pan3
344	3	9	2	Pan3
345	3	10	2	Pan3
346	3	11	2	Pan3
347	3	12	2	Pan3
348	3	13	2	Pan3
349	3	14	2	Pan3
350	3	15	2	Pan3
351	3	16	2	Pan3
352	3	1	3	Pan3
353	3	2	3	Pan3
354	3	3	3	Pan3
355	3	4	3	Pan3
356	3	5	3	Pan3
357	3	6	3	Pan3
358	3	7	3	Pan3
359	3	8	3	Pan3
360	3	9	3	Pan3
361	3	10	3	Pan3
362	3	11	3	Pan3
363	3	12	3	Pan3
364	3	13	3	Pan3
365	3	14	3	Pan3
366	3	15	3	Pan3
367	3	16	3	Pan3
368	3	1	4	Pan3
369	3	2	4	Pan3
370	3	3	4	Pan3
371	3	4	4	Pan3
372	3	5	4	Pan3
373	3	6	4	Pan3
374	3	7	4	Pan3
375	3	8	4	Pan3
376	3	9	4	Pan3
377	3	10	4	Pan3
378	3	11	4	Pan3
379	3	12	4	Pan3
380	3	13	4	Pan3
381	3	14	4	Pan3
382	3	15	4	Pan3
383	3	16	4	Pan3
384	3	1	5	Pan3
385	3	2	5	Pan3
386	3	3	5	Pan3
387	3	4	5	Pan3
388	3	5	5	Pan3
389	3	6	5	Pan3
390	3	7	5	Pan3
391	3	8	5	Pan3
392	3	9	5	Pan3
393	3	10	5	Pan3
394	3	11	5	Pan3
395	3	12	5	Pan3
396	3	13	5	Pan3
397	3	14	5	Pan3
398	3	15	5	Pan3
399	3	16	5	Pan3
400	3	1	6	Pan3
401	3	2	6	Pan3
402	3	3	6	Pan3
403	3	4	6	Pan3
404	3	5	6	Pan3
405	3	6	6	Pan3
406	3	7	6	Pan3
407	3	8	6	Pan3
408	3	9	6	Pan3
409	3	10	6	Pan3
410	3	11	6	Pan3
411	3	12	6	Pan3
412	3	13	6	Pan3
413	3	14	6	Pan3
414	3	15	6	Pan3
415	3	16	6	Pan3
416	3	1	7	Pan3
417	3	2	7	Pan3
418	3	3	7	Pan3
419	3	4	7	Pan3
420	3	5	7	Pan3
421	3	6	7	Pan3
422	3	7	7	Pan3
423	3	8	7	Pan3
424	3	9	7	Pan3
425	3	10	7	Pan3
426	3	11	7	Pan3
427	3	12	7	Pan3
428	3	13	7	Pan3
429	3	14	7	Pan3
430	3	15	7	Pan3
431	3	16	7	Pan3
432	3	1	8	Pan3
433	3	2	8	Pan3
434	3	3	8	Pan3
435	3	4	8	Pan3
436	3	5	8	Pan3
437	3	6	8	Pan3
438	3	7	8	Pan3
439	3	8	8	Pan3
440	3	9	8	Pan3
441	3	10	8	Pan3
442	3	11	8	Pan3
443	3	12	8	Pan3
444	3	13	8	Pan3
445	3	14	8	Pan3
446	3	15	8	Pan3
447	3	16	8	Pan3
448	3	1	9	Pan3
449	3	2	9	Pan3
450	3	3	9	Pan3
451	3	4	9	Pan3
452	3	5	9	Pan3
453	3	6	9	Pan3
454	3	7	9	Pan3
455	3	8	9	Pan3
456	3	9	9	Pan3
457	3	10	9	Pan3
458	3	11	9	Pan3
459	3	12	9	Pan3
460	3	13	9	Pan3
461	3	14	9	Pan3
462	3	15	9	Pan3
463	3	16	9	Pan3
464	3	1	10	Pan3
465	3	2	10	Pan3
466	3	3	10	Pan3
467	3	4	10	Pan3
468	3	5	10	Pan3
469	3	6	10	Pan3
470	3	7	10	Pan3
471	3	8	10	Pan3
472	3	9	10	Pan3
473	3	10	10	Pan3
474	3	11	10	Pan3
475	3	12	10	Pan3
476	3	13	10	Pan3
477	3	14	10	Pan3
478	3	15	10	Pan3
479	3	16	10	Pan3
480	4	1	1	Pan3
481	4	2	1	Pan3
482	4	3	1	Pan3
483	4	4	1	Pan3
484	4	5	1	Pan3
485	4	6	1	Pan3
486	4	7	1	Pan3
487	4	8	1	Pan3
488	4	9	1	Pan3
489	4	10	1	Pan3
490	4	11	1	Pan3
491	4	12	1	Pan3
492	4	13	1	Pan3
493	4	14	1	Pan3
494	4	15	1	Pan3
495	4	16	1	Pan3
496	4	1	2	Pan3
497	4	2	2	Pan3
498	4	3	2	Pan3
499	4	4	2	Pan3
500	4	5	2	Pan3
501	4	6	2	Pan3
502	4	7	2	Pan3
503	4	8	2	Pan3
504	4	9	2	Pan3
505	4	10	2	Pan3
506	4	11	2	Pan3
507	4	12	2	Pan3
508	4	13	2	Pan3
509	4	14	2	Pan3
510	4	15	2	Pan3
511	4	16	2	Pan3
512	4	1	3	Pan3
513	4	2	3	Pan3
514	4	3	3	Pan3
515	4	4	3	Pan3
516	4	5	3	Pan3
517	4	6	3	Pan3
518	4	7	3	Pan3
519	4	8	3	Pan3
520	4	9	3	Pan3
521	4	10	3	Pan3
522	4	11	3	Pan3
523	4	12	3	Pan3
524	4	13	3	Pan3
525	4	14	3	Pan3
526	4	15	3	Pan3
527	4	16	3	Pan3
528	4	1	4	Pan3
529	4	2	4	Pan3
530	4	3	4	Pan3
531	4	4	4	Pan3
532	4	5	4	Pan3
533	4	6	4	Pan3
534	4	7	4	Pan3
535	4	8	4	Pan3
536	4	9	4	Pan3
537	4	10	4	Pan3
538	4	11	4	Pan3
539	4	12	4	Pan3
540	4	13	4	Pan3
541	4	14	4	Pan3
542	4	15	4	Pan3
543	4	16	4	Pan3
544	4	1	5	Pan3
545	4	2	5	Pan3
546	4	3	5	Pan3
547	4	4	5	Pan3
548	4	5	5	Pan3
549	4	6	5	Pan3
550	4	7	5	Pan3
551	4	8	5	Pan3
552	4	9	5	Pan3
553	4	10	5	Pan3
554	4	11	5	Pan3
555	4	12	5	Pan3
556	4	13	5	Pan3
557	4	14	5	Pan3
558	4	15	5	Pan3
559	4	16	5	Pan3
560	4	1	6	Pan3
561	4	2	6	Pan3
562	4	3	6	Pan3
563	4	4	6	Pan3
564	4	5	6	Pan3
565	4	6	6	Pan3
566	4	7	6	Pan3
567	4	8	6	Pan3
568	4	9	6	Pan3
569	4	10	6	Pan3
570	4	11	6	Pan3
571	4	12	6	Pan3
572	4	13	6	Pan3
573	4	14	6	Pan3
574	4	15	6	Pan3
575	4	16	6	Pan3
576	4	1	7	Pan3
577	4	2	7	Pan3
578	4	3	7	Pan3
579	4	4	7	Pan3
580	4	5	7	Pan3
581	4	6	7	Pan3
582	4	7	7	Pan3
583	4	8	7	Pan3
584	4	9	7	Pan3
585	4	10	7	Pan3
586	4	11	7	Pan3
587	4	12	7	Pan3
588	4	13	7	Pan3
589	4	14	7	Pan3
590	4	15	7	Pan3
591	4	16	7	Pan3
592	4	1	8	Pan3
593	4	2	8	Pan3
594	4	3	8	Pan3
595	4	4	8	Pan3
596	4	5	8	Pan3
597	4	6	8	Pan3
598	4	7	8	Pan3
599	4	8	8	Pan3
600	4	9	8	Pan3
601	4	10	8	Pan3
602	4	11	8	Pan3
603	4	12	8	Pan3
604	4	13	8	Pan3
605	4	14	8	Pan3
606	4	15	8	Pan3
607	4	16	8	Pan3
608	4	1	9	Pan3
609	4	2	9	Pan3
610	4	3	9	Pan3
611	4	4	9	Pan3
612	4	5	9	Pan3
613	4	6	9	Pan3
614	4	7	9	Pan3
615	4	8	9	Pan3
616	4	9	9	Pan3
617	4	10	9	Pan3
618	4	11	9	Pan3
619	4	12	9	Pan3
620	4	13	9	Pan3
621	4	14	9	Pan3
622	4	15	9	Pan3
623	4	16	9	Pan3
624	4	1	10	Pan3
625	4	2	10	Pan3
626	4	3	10	Pan3
627	4	4	10	Pan3
628	4	5	10	Pan3
629	4	6	10	Pan3
630	4	7	10	Pan3
631	4	8	10	Pan3
632	4	9	10	Pan3
633	4	10	10	Pan3
634	4	11	10	Pan3
635	4	12	10	Pan3
636	4	13	10	Pan3
637	4	14	10	Pan3
638	4	15	10	Pan3
639	4	16	10	Pan3
640	5	1	1	Pan3
641	5	2	1	Pan3
642	5	3	1	Pan3
643	5	4	1	Pan3
644	5	5	1	Pan3
645	5	6	1	Pan3
646	5	7	1	Pan3
647	5	8	1	Pan3
648	5	9	1	Pan3
649	5	10	1	Pan3
650	5	11	1	Pan3
651	5	12	1	Pan3
652	5	13	1	Pan3
653	5	14	1	Pan3
654	5	15	1	Pan3
655	5	16	1	Pan3
656	5	1	2	Pan3
657	5	2	2	Pan3
658	5	3	2	Pan3
659	5	4	2	Pan3
660	5	5	2	Pan3
661	5	6	2	Pan3
662	5	7	2	Pan3
663	5	8	2	Pan3
664	5	9	2	Pan3
665	5	10	2	Pan3
666	5	11	2	Pan3
667	5	12	2	Pan3
668	5	13	2	Pan3
669	5	14	2	Pan3
670	5	15	2	Pan3
671	5	16	2	Pan3
672	5	1	3	Pan3
673	5	2	3	Pan3
674	5	3	3	Pan3
675	5	4	3	Pan3
676	5	5	3	Pan3
677	5	6	3	Pan3
678	5	7	3	Pan3
679	5	8	3	Pan3
680	5	9	3	Pan3
681	5	10	3	Pan3
682	5	11	3	Pan3
683	5	12	3	Pan3
684	5	13	3	Pan3
685	5	14	3	Pan3
686	5	15	3	Pan3
687	5	16	3	Pan3
688	5	1	4	Pan3
689	5	2	4	Pan3
690	5	3	4	Pan3
691	5	4	4	Pan3
692	5	5	4	Pan3
693	5	6	4	Pan3
694	5	7	4	Pan3
695	5	8	4	Pan3
696	5	9	4	Pan3
697	5	10	4	Pan3
698	5	11	4	Pan3
699	5	12	4	Pan3
700	5	13	4	Pan3
701	5	14	4	Pan3
702	5	15	4	Pan3
703	5	16	4	Pan3
704	5	1	5	Pan3
705	5	2	5	Pan3
706	5	3	5	Pan3
707	5	4	5	Pan3
708	5	5	5	Pan3
709	5	6	5	Pan3
710	5	7	5	Pan3
711	5	8	5	Pan3
712	5	9	5	Pan3
713	5	10	5	Pan3
714	5	11	5	Pan3
715	5	12	5	Pan3
716	5	13	5	Pan3
717	5	14	5	Pan3
718	5	15	5	Pan3
719	5	16	5	Pan3
720	5	1	6	Pan3
721	5	2	6	Pan3
722	5	3	6	Pan3
723	5	4	6	Pan3
724	5	5	6	Pan3
725	5	6	6	Pan3
726	5	7	6	Pan3
727	5	8	6	Pan3
728	5	9	6	Pan3
729	5	10	6	Pan3
730	5	11	6	Pan3
731	5	12	6	Pan3
732	5	13	6	Pan3
733	5	14	6	Pan3
734	5	15	6	Pan3
735	5	16	6	Pan3
736	5	1	7	Pan3
737	5	2	7	Pan3
738	5	3	7	Pan3
739	5	4	7	Pan3
740	5	5	7	Pan3
741	5	6	7	Pan3
742	5	7	7	Pan3
743	5	8	7	Pan3
744	5	9	7	Pan3
745	5	10	7	Pan3
746	5	11	7	Pan3
747	5	12	7	Pan3
748	5	13	7	Pan3
749	5	14	7	Pan3
750	5	15	7	Pan3
751	5	16	7	Pan3
752	5	1	8	Pan3
753	5	2	8	Pan3
754	5	3	8	Pan3
755	5	4	8	Pan3
756	5	5	8	Pan3
757	5	6	8	Pan3
758	5	7	8	Pan3
759	5	8	8	Pan3
760	5	9	8	Pan3
761	5	10	8	Pan3
762	5	11	8	Pan3
763	5	12	8	Pan3
764	5	13	8	Pan3
765	5	14	8	Pan3
766	5	15	8	Pan3
767	5	16	8	Pan3
768	5	1	9	Pan3
769	5	2	9	Pan3
770	5	3	9	Pan3
771	5	4	9	Pan3
772	5	5	9	Pan3
773	5	6	9	Pan3
774	5	7	9	Pan3
775	5	8	9	Pan3
776	5	9	9	Pan3
777	5	10	9	Pan3
778	5	11	9	Pan3
779	5	12	9	Pan3
780	5	13	9	Pan3
781	5	14	9	Pan3
782	5	15	9	Pan3
783	5	16	9	Pan3
784	5	1	10	Pan3
785	5	2	10	Pan3
786	5	3	10	Pan3
787	5	4	10	Pan3
788	5	5	10	Pan3
789	5	6	10	Pan3
790	5	7	10	Pan3
791	5	8	10	Pan3
792	5	9	10	Pan3
793	5	10	10	Pan3
794	5	11	10	Pan3
795	5	12	10	Pan3
796	5	13	10	Pan3
797	5	14	10	Pan3
798	5	15	10	Pan3
799	5	16	10	Pan3
800	6	1	1	Pan3
801	6	2	1	Pan3
802	6	3	1	Pan3
803	6	4	1	Pan3
804	6	5	1	Pan3
805	6	6	1	Pan3
806	6	7	1	Pan3
807	6	8	1	Pan3
808	6	9	1	Pan3
809	6	10	1	Pan3
810	6	11	1	Pan3
811	6	12	1	Pan3
812	6	13	1	Pan3
813	6	14	1	Pan3
814	6	15	1	Pan3
815	6	16	1	Pan3
816	6	1	2	Pan3
817	6	2	2	Pan3
818	6	3	2	Pan3
819	6	4	2	Pan3
820	6	5	2	Pan3
821	6	6	2	Pan3
822	6	7	2	Pan3
823	6	8	2	Pan3
824	6	9	2	Pan3
825	6	10	2	Pan3
826	6	11	2	Pan3
827	6	12	2	Pan3
828	6	13	2	Pan3
829	6	14	2	Pan3
830	6	15	2	Pan3
831	6	16	2	Pan3
832	6	1	3	Pan3
833	6	2	3	Pan3
834	6	3	3	Pan3
835	6	4	3	Pan3
836	6	5	3	Pan3
837	6	6	3	Pan3
838	6	7	3	Pan3
839	6	8	3	Pan3
840	6	9	3	Pan3
841	6	10	3	Pan3
842	6	11	3	Pan3
843	6	12	3	Pan3
844	6	13	3	Pan3
845	6	14	3	Pan3
846	6	15	3	Pan3
847	6	16	3	Pan3
848	6	1	4	Pan3
849	6	2	4	Pan3
850	6	3	4	Pan3
851	6	4	4	Pan3
852	6	5	4	Pan3
853	6	6	4	Pan3
854	6	7	4	Pan3
855	6	8	4	Pan3
856	6	9	4	Pan3
857	6	10	4	Pan3
858	6	11	4	Pan3
859	6	12	4	Pan3
860	6	13	4	Pan3
861	6	14	4	Pan3
862	6	15	4	Pan3
863	6	16	4	Pan3
864	6	1	5	Pan3
865	6	2	5	Pan3
866	6	3	5	Pan3
867	6	4	5	Pan3
868	6	5	5	Pan3
869	6	6	5	Pan3
870	6	7	5	Pan3
871	6	8	5	Pan3
872	6	9	5	Pan3
873	6	10	5	Pan3
874	6	11	5	Pan3
875	6	12	5	Pan3
876	6	13	5	Pan3
877	6	14	5	Pan3
878	6	15	5	Pan3
879	6	16	5	Pan3
880	6	1	6	Pan3
881	6	2	6	Pan3
882	6	3	6	Pan3
883	6	4	6	Pan3
884	6	5	6	Pan3
885	6	6	6	Pan3
886	6	7	6	Pan3
887	6	8	6	Pan3
888	6	9	6	Pan3
889	6	10	6	Pan3
890	6	11	6	Pan3
891	6	12	6	Pan3
892	6	13	6	Pan3
893	6	14	6	Pan3
894	6	15	6	Pan3
895	6	16	6	Pan3
896	6	1	7	Pan3
897	6	2	7	Pan3
898	6	3	7	Pan3
899	6	4	7	Pan3
900	6	5	7	Pan3
901	6	6	7	Pan3
902	6	7	7	Pan3
903	6	8	7	Pan3
904	6	9	7	Pan3
905	6	10	7	Pan3
906	6	11	7	Pan3
907	6	12	7	Pan3
908	6	13	7	Pan3
909	6	14	7	Pan3
910	6	15	7	Pan3
911	6	16	7	Pan3
912	6	1	8	Pan3
913	6	2	8	Pan3
914	6	3	8	Pan3
915	6	4	8	Pan3
916	6	5	8	Pan3
917	6	6	8	Pan3
918	6	7	8	Pan3
919	6	8	8	Pan3
920	6	9	8	Pan3
921	6	10	8	Pan3
922	6	11	8	Pan3
923	6	12	8	Pan3
924	6	13	8	Pan3
925	6	14	8	Pan3
926	6	15	8	Pan3
927	6	16	8	Pan3
928	6	1	9	Pan3
929	6	2	9	Pan3
930	6	3	9	Pan3
931	6	4	9	Pan3
932	6	5	9	Pan3
933	6	6	9	Pan3
934	6	7	9	Pan3
935	6	8	9	Pan3
936	6	9	9	Pan3
937	6	10	9	Pan3
938	6	11	9	Pan3
939	6	12	9	Pan3
940	6	13	9	Pan3
941	6	14	9	Pan3
942	6	15	9	Pan3
943	6	16	9	Pan3
944	6	1	10	Pan3
945	6	2	10	Pan3
946	6	3	10	Pan3
947	6	4	10	Pan3
948	6	5	10	Pan3
949	6	6	10	Pan3
950	6	7	10	Pan3
951	6	8	10	Pan3
952	6	9	10	Pan3
953	6	10	10	Pan3
954	6	11	10	Pan3
955	6	12	10	Pan3
956	6	13	10	Pan3
957	6	14	10	Pan3
958	6	15	10	Pan3
959	6	16	10	Pan3
960	7	1	1	Pan3
961	7	2	1	Pan3
962	7	3	1	Pan3
963	7	4	1	Pan3
964	7	5	1	Pan3
965	7	6	1	Pan3
966	7	7	1	Pan3
967	7	8	1	Pan3
968	7	9	1	Pan3
969	7	10	1	Pan3
970	7	11	1	Pan3
971	7	12	1	Pan3
972	7	13	1	Pan3
973	7	14	1	Pan3
974	7	15	1	Pan3
975	7	16	1	Pan3
976	7	1	2	Pan3
977	7	2	2	Pan3
978	7	3	2	Pan3
979	7	4	2	Pan3
980	7	5	2	Pan3
981	7	6	2	Pan3
982	7	7	2	Pan3
983	7	8	2	Pan3
984	7	9	2	Pan3
985	7	10	2	Pan3
986	7	11	2	Pan3
987	7	12	2	Pan3
988	7	13	2	Pan3
989	7	14	2	Pan3
990	7	15	2	Pan3
991	7	16	2	Pan3
992	7	1	3	Pan3
993	7	2	3	Pan3
994	7	3	3	Pan3
995	7	4	3	Pan3
996	7	5	3	Pan3
997	7	6	3	Pan3
998	7	7	3	Pan3
999	7	8	3	Pan3
1000	7	9	3	Pan3
1001	7	10	3	Pan3
1002	7	11	3	Pan3
1003	7	12	3	Pan3
1004	7	13	3	Pan3
1005	7	14	3	Pan3
1006	7	15	3	Pan3
1007	7	16	3	Pan3
1008	7	1	4	Pan3
1009	7	2	4	Pan3
1010	7	3	4	Pan3
1011	7	4	4	Pan3
1012	7	5	4	Pan3
1013	7	6	4	Pan3
1014	7	7	4	Pan3
1015	7	8	4	Pan3
1016	7	9	4	Pan3
1017	7	10	4	Pan3
1018	7	11	4	Pan3
1019	7	12	4	Pan3
1020	7	13	4	Pan3
1021	7	14	4	Pan3
1022	7	15	4	Pan3
1023	7	16	4	Pan3
1024	7	1	5	Pan3
1025	7	2	5	Pan3
1026	7	3	5	Pan3
1027	7	4	5	Pan3
1028	7	5	5	Pan3
1029	7	6	5	Pan3
1030	7	7	5	Pan3
1031	7	8	5	Pan3
1032	7	9	5	Pan3
1033	7	10	5	Pan3
1034	7	11	5	Pan3
1035	7	12	5	Pan3
1036	7	13	5	Pan3
1037	7	14	5	Pan3
1038	7	15	5	Pan3
1039	7	16	5	Pan3
1040	7	1	6	Pan3
1041	7	2	6	Pan3
1042	7	3	6	Pan3
1043	7	4	6	Pan3
1044	7	5	6	Pan3
1045	7	6	6	Pan3
1046	7	7	6	Pan3
1047	7	8	6	Pan3
1048	7	9	6	Pan3
1049	7	10	6	Pan3
1050	7	11	6	Pan3
1051	7	12	6	Pan3
1052	7	13	6	Pan3
1053	7	14	6	Pan3
1054	7	15	6	Pan3
1055	7	16	6	Pan3
1056	7	1	7	Pan3
1057	7	2	7	Pan3
1058	7	3	7	Pan3
1059	7	4	7	Pan3
1060	7	5	7	Pan3
1061	7	6	7	Pan3
1062	7	7	7	Pan3
1063	7	8	7	Pan3
1064	7	9	7	Pan3
1065	7	10	7	Pan3
1066	7	11	7	Pan3
1067	7	12	7	Pan3
1068	7	13	7	Pan3
1069	7	14	7	Pan3
1070	7	15	7	Pan3
1071	7	16	7	Pan3
1072	7	1	8	Pan3
1073	7	2	8	Pan3
1074	7	3	8	Pan3
1075	7	4	8	Pan3
1076	7	5	8	Pan3
1077	7	6	8	Pan3
1078	7	7	8	Pan3
1079	7	8	8	Pan3
1080	7	9	8	Pan3
1081	7	10	8	Pan3
1082	7	11	8	Pan3
1083	7	12	8	Pan3
1084	7	13	8	Pan3
1085	7	14	8	Pan3
1086	7	15	8	Pan3
1087	7	16	8	Pan3
1088	7	1	9	Pan3
1089	7	2	9	Pan3
1090	7	3	9	Pan3
1091	7	4	9	Pan3
1092	7	5	9	Pan3
1093	7	6	9	Pan3
1094	7	7	9	Pan3
1095	7	8	9	Pan3
1096	7	9	9	Pan3
1097	7	10	9	Pan3
1098	7	11	9	Pan3
1099	7	12	9	Pan3
1100	7	13	9	Pan3
1101	7	14	9	Pan3
1102	7	15	9	Pan3
1103	7	16	9	Pan3
1104	7	1	10	Pan3
1105	7	2	10	Pan3
1106	7	3	10	Pan3
1107	7	4	10	Pan3
1108	7	5	10	Pan3
1109	7	6	10	Pan3
1110	7	7	10	Pan3
1111	7	8	10	Pan3
1112	7	9	10	Pan3
1113	7	10	10	Pan3
1114	7	11	10	Pan3
1115	7	12	10	Pan3
1116	7	13	10	Pan3
1117	7	14	10	Pan3
1118	7	15	10	Pan3
1119	7	16	10	Pan3
1120	8	1	1	Pan3
1121	8	2	1	Pan3
1122	8	3	1	Pan3
1123	8	4	1	Pan3
1124	8	5	1	Pan3
1125	8	6	1	Pan3
1126	8	7	1	Pan3
1127	8	8	1	Pan3
1128	8	9	1	Pan3
1129	8	10	1	Pan3
1130	8	11	1	Pan3
1131	8	12	1	Pan3
1132	8	13	1	Pan3
1133	8	14	1	Pan3
1134	8	15	1	Pan3
1135	8	16	1	Pan3
1136	8	1	2	Pan3
1137	8	2	2	Pan3
1138	8	3	2	Pan3
1139	8	4	2	Pan3
1140	8	5	2	Pan3
1141	8	6	2	Pan3
1142	8	7	2	Pan3
1143	8	8	2	Pan3
1144	8	9	2	Pan3
1145	8	10	2	Pan3
1146	8	11	2	Pan3
1147	8	12	2	Pan3
1148	8	13	2	Pan3
1149	8	14	2	Pan3
1150	8	15	2	Pan3
1151	8	16	2	Pan3
1152	8	1	3	Pan3
1153	8	2	3	Pan3
1154	8	3	3	Pan3
1155	8	4	3	Pan3
1156	8	5	3	Pan3
1157	8	6	3	Pan3
1158	8	7	3	Pan3
1159	8	8	3	Pan3
1160	8	9	3	Pan3
1161	8	10	3	Pan3
1162	8	11	3	Pan3
1163	8	12	3	Pan3
1164	8	13	3	Pan3
1165	8	14	3	Pan3
1166	8	15	3	Pan3
1167	8	16	3	Pan3
1168	8	1	4	Pan3
1169	8	2	4	Pan3
1170	8	3	4	Pan3
1171	8	4	4	Pan3
1172	8	5	4	Pan3
1173	8	6	4	Pan3
1174	8	7	4	Pan3
1175	8	8	4	Pan3
1176	8	9	4	Pan3
1177	8	10	4	Pan3
1178	8	11	4	Pan3
1179	8	12	4	Pan3
1180	8	13	4	Pan3
1181	8	14	4	Pan3
1182	8	15	4	Pan3
1183	8	16	4	Pan3
1184	8	1	5	Pan3
1185	8	2	5	Pan3
1186	8	3	5	Pan3
1187	8	4	5	Pan3
1188	8	5	5	Pan3
1189	8	6	5	Pan3
1190	8	7	5	Pan3
1191	8	8	5	Pan3
1192	8	9	5	Pan3
1193	8	10	5	Pan3
1194	8	11	5	Pan3
1195	8	12	5	Pan3
1196	8	13	5	Pan3
1197	8	14	5	Pan3
1198	8	15	5	Pan3
1199	8	16	5	Pan3
1200	8	1	6	Pan3
1201	8	2	6	Pan3
1202	8	3	6	Pan3
1203	8	4	6	Pan3
1204	8	5	6	Pan3
1205	8	6	6	Pan3
1206	8	7	6	Pan3
1207	8	8	6	Pan3
1208	8	9	6	Pan3
1209	8	10	6	Pan3
1210	8	11	6	Pan3
1211	8	12	6	Pan3
1212	8	13	6	Pan3
1213	8	14	6	Pan3
1214	8	15	6	Pan3
1215	8	16	6	Pan3
1216	8	1	7	Pan3
1217	8	2	7	Pan3
1218	8	3	7	Pan3
1219	8	4	7	Pan3
1220	8	5	7	Pan3
1221	8	6	7	Pan3
1222	8	7	7	Pan3
1223	8	8	7	Pan3
1224	8	9	7	Pan3
1225	8	10	7	Pan3
1226	8	11	7	Pan3
1227	8	12	7	Pan3
1228	8	13	7	Pan3
1229	8	14	7	Pan3
1230	8	15	7	Pan3
1231	8	16	7	Pan3
1232	8	1	8	Pan3
1233	8	2	8	Pan3
1234	8	3	8	Pan3
1235	8	4	8	Pan3
1236	8	5	8	Pan3
1237	8	6	8	Pan3
1238	8	7	8	Pan3
1239	8	8	8	Pan3
1240	8	9	8	Pan3
1241	8	10	8	Pan3
1242	8	11	8	Pan3
1243	8	12	8	Pan3
1244	8	13	8	Pan3
1245	8	14	8	Pan3
1246	8	15	8	Pan3
1247	8	16	8	Pan3
1248	8	1	9	Pan3
1249	8	2	9	Pan3
1250	8	3	9	Pan3
1251	8	4	9	Pan3
1252	8	5	9	Pan3
1253	8	6	9	Pan3
1254	8	7	9	Pan3
1255	8	8	9	Pan3
1256	8	9	9	Pan3
1257	8	10	9	Pan3
1258	8	11	9	Pan3
1259	8	12	9	Pan3
1260	8	13	9	Pan3
1261	8	14	9	Pan3
1262	8	15	9	Pan3
1263	8	16	9	Pan3
1264	8	1	10	Pan3
1265	8	2	10	Pan3
1266	8	3	10	Pan3
1267	8	4	10	Pan3
1268	8	5	10	Pan3
1269	8	6	10	Pan3
1270	8	7	10	Pan3
1271	8	8	10	Pan3
1272	8	9	10	Pan3
1273	8	10	10	Pan3
1274	8	11	10	Pan3
1275	8	12	10	Pan3
1276	8	13	10	Pan3
1277	8	14	10	Pan3
1278	8	15	10	Pan3
1279	8	16	10	Pan3
1280	9	1	1	Pan3
1281	9	2	1	Pan3
1282	9	3	1	Pan3
1283	9	4	1	Pan3
1284	9	5	1	Pan3
1285	9	6	1	Pan3
1286	9	7	1	Pan3
1287	9	8	1	Pan3
1288	9	9	1	Pan3
1289	9	10	1	Pan3
1290	9	11	1	Pan3
1291	9	12	1	Pan3
1292	9	13	1	Pan3
1293	9	14	1	Pan3
1294	9	15	1	Pan3
1295	9	16	1	Pan3
1296	9	1	2	Pan3
1297	9	2	2	Pan3
1298	9	3	2	Pan3
1299	9	4	2	Pan3
1300	9	5	2	Pan3
1301	9	6	2	Pan3
1302	9	7	2	Pan3
1303	9	8	2	Pan3
1304	9	9	2	Pan3
1305	9	10	2	Pan3
1306	9	11	2	Pan3
1307	9	12	2	Pan3
1308	9	13	2	Pan3
1309	9	14	2	Pan3
1310	9	15	2	Pan3
1311	9	16	2	Pan3
1312	9	1	3	Pan3
1313	9	2	3	Pan3
1314	9	3	3	Pan3
1315	9	4	3	Pan3
1316	9	5	3	Pan3
1317	9	6	3	Pan3
1318	9	7	3	Pan3
1319	9	8	3	Pan3
1320	9	9	3	Pan3
1321	9	10	3	Pan3
1322	9	11	3	Pan3
1323	9	12	3	Pan3
1324	9	13	3	Pan3
1325	9	14	3	Pan3
1326	9	15	3	Pan3
1327	9	16	3	Pan3
1328	9	1	4	Pan3
1329	9	2	4	Pan3
1330	9	3	4	Pan3
1331	9	4	4	Pan3
1332	9	5	4	Pan3
1333	9	6	4	Pan3
1334	9	7	4	Pan3
1335	9	8	4	Pan3
1336	9	9	4	Pan3
1337	9	10	4	Pan3
1338	9	11	4	Pan3
1339	9	12	4	Pan3
1340	9	13	4	Pan3
1341	9	14	4	Pan3
1342	9	15	4	Pan3
1343	9	16	4	Pan3
1344	9	1	5	Pan3
1345	9	2	5	Pan3
1346	9	3	5	Pan3
1347	9	4	5	Pan3
1348	9	5	5	Pan3
1349	9	6	5	Pan3
1350	9	7	5	Pan3
1351	9	8	5	Pan3
1352	9	9	5	Pan3
1353	9	10	5	Pan3
1354	9	11	5	Pan3
1355	9	12	5	Pan3
1356	9	13	5	Pan3
1357	9	14	5	Pan3
1358	9	15	5	Pan3
1359	9	16	5	Pan3
1360	9	1	6	Pan3
1361	9	2	6	Pan3
1362	9	3	6	Pan3
1363	9	4	6	Pan3
1364	9	5	6	Pan3
1365	9	6	6	Pan3
1366	9	7	6	Pan3
1367	9	8	6	Pan3
1368	9	9	6	Pan3
1369	9	10	6	Pan3
1370	9	11	6	Pan3
1371	9	12	6	Pan3
1372	9	13	6	Pan3
1373	9	14	6	Pan3
1374	9	15	6	Pan3
1375	9	16	6	Pan3
1376	9	1	7	Pan3
1377	9	2	7	Pan3
1378	9	3	7	Pan3
1379	9	4	7	Pan3
1380	9	5	7	Pan3
1381	9	6	7	Pan3
1382	9	7	7	Pan3
1383	9	8	7	Pan3
1384	9	9	7	Pan3
1385	9	10	7	Pan3
1386	9	11	7	Pan3
1387	9	12	7	Pan3
1388	9	13	7	Pan3
1389	9	14	7	Pan3
1390	9	15	7	Pan3
1391	9	16	7	Pan3
1392	9	1	8	Pan3
1393	9	2	8	Pan3
1394	9	3	8	Pan3
1395	9	4	8	Pan3
1396	9	5	8	Pan3
1397	9	6	8	Pan3
1398	9	7	8	Pan3
1399	9	8	8	Pan3
1400	9	9	8	Pan3
1401	9	10	8	Pan3
1402	9	11	8	Pan3
1403	9	12	8	Pan3
1404	9	13	8	Pan3
1405	9	14	8	Pan3
1406	9	15	8	Pan3
1407	9	16	8	Pan3
1408	9	1	9	Pan3
1409	9	2	9	Pan3
1410	9	3	9	Pan3
1411	9	4	9	Pan3
1412	9	5	9	Pan3
1413	9	6	9	Pan3
1414	9	7	9	Pan3
1415	9	8	9	Pan3
1416	9	9	9	Pan3
1417	9	10	9	Pan3
1418	9	11	9	Pan3
1419	9	12	9	Pan3
1420	9	13	9	Pan3
1421	9	14	9	Pan3
1422	9	15	9	Pan3
1423	9	16	9	Pan3
1424	9	1	10	Pan3
1425	9	2	10	Pan3
1426	9	3	10	Pan3
1427	9	4	10	Pan3
1428	9	5	10	Pan3
1429	9	6	10	Pan3
1430	9	7	10	Pan3
1431	9	8	10	Pan3
1432	9	9	10	Pan3
1433	9	10	10	Pan3
1434	9	11	10	Pan3
1435	9	12	10	Pan3
1436	9	13	10	Pan3
1437	9	14	10	Pan3
1438	9	15	10	Pan3
1439	9	16	10	Pan3
1440	10	1	1	Pan3
1441	10	2	1	Pan3
1442	10	3	1	Pan3
1443	10	4	1	Pan3
1444	10	5	1	Pan3
1445	10	6	1	Pan3
1446	10	7	1	Pan3
1447	10	8	1	Pan3
1448	10	9	1	Pan3
1449	10	10	1	Pan3
1450	10	11	1	Pan3
1451	10	12	1	Pan3
1452	10	13	1	Pan3
1453	10	14	1	Pan3
1454	10	15	1	Pan3
1455	10	16	1	Pan3
1456	10	1	2	Pan3
1457	10	2	2	Pan3
1458	10	3	2	Pan3
1459	10	4	2	Pan3
1460	10	5	2	Pan3
1461	10	6	2	Pan3
1462	10	7	2	Pan3
1463	10	8	2	Pan3
1464	10	9	2	Pan3
1465	10	10	2	Pan3
1466	10	11	2	Pan3
1467	10	12	2	Pan3
1468	10	13	2	Pan3
1469	10	14	2	Pan3
1470	10	15	2	Pan3
1471	10	16	2	Pan3
1472	10	1	3	Pan3
1473	10	2	3	Pan3
1474	10	3	3	Pan3
1475	10	4	3	Pan3
1476	10	5	3	Pan3
1477	10	6	3	Pan3
1478	10	7	3	Pan3
1479	10	8	3	Pan3
1480	10	9	3	Pan3
1481	10	10	3	Pan3
1482	10	11	3	Pan3
1483	10	12	3	Pan3
1484	10	13	3	Pan3
1485	10	14	3	Pan3
1486	10	15	3	Pan3
1487	10	16	3	Pan3
1488	10	1	4	Pan3
1489	10	2	4	Pan3
1490	10	3	4	Pan3
1491	10	4	4	Pan3
1492	10	5	4	Pan3
1493	10	6	4	Pan3
1494	10	7	4	Pan3
1495	10	8	4	Pan3
1496	10	9	4	Pan3
1497	10	10	4	Pan3
1498	10	11	4	Pan3
1499	10	12	4	Pan3
1500	10	13	4	Pan3
1501	10	14	4	Pan3
1502	10	15	4	Pan3
1503	10	16	4	Pan3
1504	10	1	5	Pan3
1505	10	2	5	Pan3
1506	10	3	5	Pan3
1507	10	4	5	Pan3
1508	10	5	5	Pan3
1509	10	6	5	Pan3
1510	10	7	5	Pan3
1511	10	8	5	Pan3
1512	10	9	5	Pan3
1513	10	10	5	Pan3
1514	10	11	5	Pan3
1515	10	12	5	Pan3
1516	10	13	5	Pan3
1517	10	14	5	Pan3
1518	10	15	5	Pan3
1519	10	16	5	Pan3
1520	10	1	6	Pan3
1521	10	2	6	Pan3
1522	10	3	6	Pan3
1523	10	4	6	Pan3
1524	10	5	6	Pan3
1525	10	6	6	Pan3
1526	10	7	6	Pan3
1527	10	8	6	Pan3
1528	10	9	6	Pan3
1529	10	10	6	Pan3
1530	10	11	6	Pan3
1531	10	12	6	Pan3
1532	10	13	6	Pan3
1533	10	14	6	Pan3
1534	10	15	6	Pan3
1535	10	16	6	Pan3
1536	10	1	7	Pan3
1537	10	2	7	Pan3
1538	10	3	7	Pan3
1539	10	4	7	Pan3
1540	10	5	7	Pan3
1541	10	6	7	Pan3
1542	10	7	7	Pan3
1543	10	8	7	Pan3
1544	10	9	7	Pan3
1545	10	10	7	Pan3
1546	10	11	7	Pan3
1547	10	12	7	Pan3
1548	10	13	7	Pan3
1549	10	14	7	Pan3
1550	10	15	7	Pan3
1551	10	16	7	Pan3
1552	10	1	8	Pan3
1553	10	2	8	Pan3
1554	10	3	8	Pan3
1555	10	4	8	Pan3
1556	10	5	8	Pan3
1557	10	6	8	Pan3
1558	10	7	8	Pan3
1559	10	8	8	Pan3
1560	10	9	8	Pan3
1561	10	10	8	Pan3
1562	10	11	8	Pan3
1563	10	12	8	Pan3
1564	10	13	8	Pan3
1565	10	14	8	Pan3
1566	10	15	8	Pan3
1567	10	16	8	Pan3
1568	10	1	9	Pan3
1569	10	2	9	Pan3
1570	10	3	9	Pan3
1571	10	4	9	Pan3
1572	10	5	9	Pan3
1573	10	6	9	Pan3
1574	10	7	9	Pan3
1575	10	8	9	Pan3
1576	10	9	9	Pan3
1577	10	10	9	Pan3
1578	10	11	9	Pan3
1579	10	12	9	Pan3
1580	10	13	9	Pan3
1581	10	14	9	Pan3
1582	10	15	9	Pan3
1583	10	16	9	Pan3
1584	10	1	10	Pan3
1585	10	2	10	Pan3
1586	10	3	10	Pan3
1587	10	4	10	Pan3
1588	10	5	10	Pan3
1589	10	6	10	Pan3
1590	10	7	10	Pan3
1591	10	8	10	Pan3
1592	10	9	10	Pan3
1593	10	10	10	Pan3
1594	10	11	10	Pan3
1595	10	12	10	Pan3
1596	10	13	10	Pan3
1597	10	14	10	Pan3
1598	10	15	10	Pan3
1599	10	16	10	Pan3
1600	11	1	1	Pan3
1601	11	2	1	Pan3
1602	11	3	1	Pan3
1603	11	4	1	Pan3
1604	11	5	1	Pan3
1605	11	6	1	Pan3
1606	11	7	1	Pan3
1607	11	8	1	Pan3
1608	11	9	1	Pan3
1609	11	10	1	Pan3
1610	11	11	1	Pan3
1611	11	12	1	Pan3
1612	11	13	1	Pan3
1613	11	14	1	Pan3
1614	11	15	1	Pan3
1615	11	16	1	Pan3
1616	11	1	2	Pan3
1617	11	2	2	Pan3
1618	11	3	2	Pan3
1619	11	4	2	Pan3
1620	11	5	2	Pan3
1621	11	6	2	Pan3
1622	11	7	2	Pan3
1623	11	8	2	Pan3
1624	11	9	2	Pan3
1625	11	10	2	Pan3
1626	11	11	2	Pan3
1627	11	12	2	Pan3
1628	11	13	2	Pan3
1629	11	14	2	Pan3
1630	11	15	2	Pan3
1631	11	16	2	Pan3
1632	11	1	3	Pan3
1633	11	2	3	Pan3
1634	11	3	3	Pan3
1635	11	4	3	Pan3
1636	11	5	3	Pan3
1637	11	6	3	Pan3
1638	11	7	3	Pan3
1639	11	8	3	Pan3
1640	11	9	3	Pan3
1641	11	10	3	Pan3
1642	11	11	3	Pan3
1643	11	12	3	Pan3
1644	11	13	3	Pan3
1645	11	14	3	Pan3
1646	11	15	3	Pan3
1647	11	16	3	Pan3
1648	11	1	4	Pan3
1649	11	2	4	Pan3
1650	11	3	4	Pan3
1651	11	4	4	Pan3
1652	11	5	4	Pan3
1653	11	6	4	Pan3
1654	11	7	4	Pan3
1655	11	8	4	Pan3
1656	11	9	4	Pan3
1657	11	10	4	Pan3
1658	11	11	4	Pan3
1659	11	12	4	Pan3
1660	11	13	4	Pan3
1661	11	14	4	Pan3
1662	11	15	4	Pan3
1663	11	16	4	Pan3
1664	11	1	5	Pan3
1665	11	2	5	Pan3
1666	11	3	5	Pan3
1667	11	4	5	Pan3
1668	11	5	5	Pan3
1669	11	6	5	Pan3
1670	11	7	5	Pan3
1671	11	8	5	Pan3
1672	11	9	5	Pan3
1673	11	10	5	Pan3
1674	11	11	5	Pan3
1675	11	12	5	Pan3
1676	11	13	5	Pan3
1677	11	14	5	Pan3
1678	11	15	5	Pan3
1679	11	16	5	Pan3
1680	11	1	6	Pan3
1681	11	2	6	Pan3
1682	11	3	6	Pan3
1683	11	4	6	Pan3
1684	11	5	6	Pan3
1685	11	6	6	Pan3
1686	11	7	6	Pan3
1687	11	8	6	Pan3
1688	11	9	6	Pan3
1689	11	10	6	Pan3
1690	11	11	6	Pan3
1691	11	12	6	Pan3
1692	11	13	6	Pan3
1693	11	14	6	Pan3
1694	11	15	6	Pan3
1695	11	16	6	Pan3
1696	11	1	7	Pan3
1697	11	2	7	Pan3
1698	11	3	7	Pan3
1699	11	4	7	Pan3
1700	11	5	7	Pan3
1701	11	6	7	Pan3
1702	11	7	7	Pan3
1703	11	8	7	Pan3
1704	11	9	7	Pan3
1705	11	10	7	Pan3
1706	11	11	7	Pan3
1707	11	12	7	Pan3
1708	11	13	7	Pan3
1709	11	14	7	Pan3
1710	11	15	7	Pan3
1711	11	16	7	Pan3
1712	11	1	8	Pan3
1713	11	2	8	Pan3
1714	11	3	8	Pan3
1715	11	4	8	Pan3
1716	11	5	8	Pan3
1717	11	6	8	Pan3
1718	11	7	8	Pan3
1719	11	8	8	Pan3
1720	11	9	8	Pan3
1721	11	10	8	Pan3
1722	11	11	8	Pan3
1723	11	12	8	Pan3
1724	11	13	8	Pan3
1725	11	14	8	Pan3
1726	11	15	8	Pan3
1727	11	16	8	Pan3
1728	11	1	9	Pan3
1729	11	2	9	Pan3
1730	11	3	9	Pan3
1731	11	4	9	Pan3
1732	11	5	9	Pan3
1733	11	6	9	Pan3
1734	11	7	9	Pan3
1735	11	8	9	Pan3
1736	11	9	9	Pan3
1737	11	10	9	Pan3
1738	11	11	9	Pan3
1739	11	12	9	Pan3
1740	11	13	9	Pan3
1741	11	14	9	Pan3
1742	11	15	9	Pan3
1743	11	16	9	Pan3
1744	11	1	10	Pan3
1745	11	2	10	Pan3
1746	11	3	10	Pan3
1747	11	4	10	Pan3
1748	11	5	10	Pan3
1749	11	6	10	Pan3
1750	11	7	10	Pan3
1751	11	8	10	Pan3
1752	11	9	10	Pan3
1753	11	10	10	Pan3
1754	11	11	10	Pan3
1755	11	12	10	Pan3
1756	11	13	10	Pan3
1757	11	14	10	Pan3
1758	11	15	10	Pan3
1759	11	16	10	Pan3
1760	12	1	1	Pan3
1761	12	2	1	Pan3
1762	12	3	1	Pan3
1763	12	4	1	Pan3
1764	12	5	1	Pan3
1765	12	6	1	Pan3
1766	12	7	1	Pan3
1767	12	8	1	Pan3
1768	12	9	1	Pan3
1769	12	10	1	Pan3
1770	12	11	1	Pan3
1771	12	12	1	Pan3
1772	12	13	1	Pan3
1773	12	14	1	Pan3
1774	12	15	1	Pan3
1775	12	16	1	Pan3
1776	12	1	2	Pan3
1777	12	2	2	Pan3
1778	12	3	2	Pan3
1779	12	4	2	Pan3
1780	12	5	2	Pan3
1781	12	6	2	Pan3
1782	12	7	2	Pan3
1783	12	8	2	Pan3
1784	12	9	2	Pan3
1785	12	10	2	Pan3
1786	12	11	2	Pan3
1787	12	12	2	Pan3
1788	12	13	2	Pan3
1789	12	14	2	Pan3
1790	12	15	2	Pan3
1791	12	16	2	Pan3
1792	12	1	3	Pan3
1793	12	2	3	Pan3
1794	12	3	3	Pan3
1795	12	4	3	Pan3
1796	12	5	3	Pan3
1797	12	6	3	Pan3
1798	12	7	3	Pan3
1799	12	8	3	Pan3
1800	12	9	3	Pan3
1801	12	10	3	Pan3
1802	12	11	3	Pan3
1803	12	12	3	Pan3
1804	12	13	3	Pan3
1805	12	14	3	Pan3
1806	12	15	3	Pan3
1807	12	16	3	Pan3
1808	12	1	4	Pan3
1809	12	2	4	Pan3
1810	12	3	4	Pan3
1811	12	4	4	Pan3
1812	12	5	4	Pan3
1813	12	6	4	Pan3
1814	12	7	4	Pan3
1815	12	8	4	Pan3
1816	12	9	4	Pan3
1817	12	10	4	Pan3
1818	12	11	4	Pan3
1819	12	12	4	Pan3
1820	12	13	4	Pan3
1821	12	14	4	Pan3
1822	12	15	4	Pan3
1823	12	16	4	Pan3
1824	12	1	5	Pan3
1825	12	2	5	Pan3
1826	12	3	5	Pan3
1827	12	4	5	Pan3
1828	12	5	5	Pan3
1829	12	6	5	Pan3
1830	12	7	5	Pan3
1831	12	8	5	Pan3
1832	12	9	5	Pan3
1833	12	10	5	Pan3
1834	12	11	5	Pan3
1835	12	12	5	Pan3
1836	12	13	5	Pan3
1837	12	14	5	Pan3
1838	12	15	5	Pan3
1839	12	16	5	Pan3
1840	12	1	6	Pan3
1841	12	2	6	Pan3
1842	12	3	6	Pan3
1843	12	4	6	Pan3
1844	12	5	6	Pan3
1845	12	6	6	Pan3
1846	12	7	6	Pan3
1847	12	8	6	Pan3
1848	12	9	6	Pan3
1849	12	10	6	Pan3
1850	12	11	6	Pan3
1851	12	12	6	Pan3
1852	12	13	6	Pan3
1853	12	14	6	Pan3
1854	12	15	6	Pan3
1855	12	16	6	Pan3
1856	12	1	7	Pan3
1857	12	2	7	Pan3
1858	12	3	7	Pan3
1859	12	4	7	Pan3
1860	12	5	7	Pan3
1861	12	6	7	Pan3
1862	12	7	7	Pan3
1863	12	8	7	Pan3
1864	12	9	7	Pan3
1865	12	10	7	Pan3
1866	12	11	7	Pan3
1867	12	12	7	Pan3
1868	12	13	7	Pan3
1869	12	14	7	Pan3
1870	12	15	7	Pan3
1871	12	16	7	Pan3
1872	12	1	8	Pan3
1873	12	2	8	Pan3
1874	12	3	8	Pan3
1875	12	4	8	Pan3
1876	12	5	8	Pan3
1877	12	6	8	Pan3
1878	12	7	8	Pan3
1879	12	8	8	Pan3
1880	12	9	8	Pan3
1881	12	10	8	Pan3
1882	12	11	8	Pan3
1883	12	12	8	Pan3
1884	12	13	8	Pan3
1885	12	14	8	Pan3
1886	12	15	8	Pan3
1887	12	16	8	Pan3
1888	12	1	9	Pan3
1889	12	2	9	Pan3
1890	12	3	9	Pan3
1891	12	4	9	Pan3
1892	12	5	9	Pan3
1893	12	6	9	Pan3
1894	12	7	9	Pan3
1895	12	8	9	Pan3
1896	12	9	9	Pan3
1897	12	10	9	Pan3
1898	12	11	9	Pan3
1899	12	12	9	Pan3
1900	12	13	9	Pan3
1901	12	14	9	Pan3
1902	12	15	9	Pan3
1903	12	16	9	Pan3
1904	12	1	10	Pan3
1905	12	2	10	Pan3
1906	12	3	10	Pan3
1907	12	4	10	Pan3
1908	12	5	10	Pan3
1909	12	6	10	Pan3
1910	12	7	10	Pan3
1911	12	8	10	Pan3
1912	12	9	10	Pan3
1913	12	10	10	Pan3
1914	12	11	10	Pan3
1915	12	12	10	Pan3
1916	12	13	10	Pan3
1917	12	14	10	Pan3
1918	12	15	10	Pan3
1919	12	16	10	Pan3
1920	13	1	1	Pan3
1921	13	2	1	Pan3
1922	13	3	1	Pan3
1923	13	4	1	Pan3
1924	13	5	1	Pan3
1925	13	6	1	Pan3
1926	13	7	1	Pan3
1927	13	8	1	Pan3
1928	13	9	1	Pan3
1929	13	10	1	Pan3
1930	13	11	1	Pan3
1931	13	12	1	Pan3
1932	13	13	1	Pan3
1933	13	14	1	Pan3
1934	13	15	1	Pan3
1935	13	16	1	Pan3
1936	13	1	2	Pan3
1937	13	2	2	Pan3
1938	13	3	2	Pan3
1939	13	4	2	Pan3
1940	13	5	2	Pan3
1941	13	6	2	Pan3
1942	13	7	2	Pan3
1943	13	8	2	Pan3
1944	13	9	2	Pan3
1945	13	10	2	Pan3
1946	13	11	2	Pan3
1947	13	12	2	Pan3
1948	13	13	2	Pan3
1949	13	14	2	Pan3
1950	13	15	2	Pan3
1951	13	16	2	Pan3
1952	13	1	3	Pan3
1953	13	2	3	Pan3
1954	13	3	3	Pan3
1955	13	4	3	Pan3
1956	13	5	3	Pan3
1957	13	6	3	Pan3
1958	13	7	3	Pan3
1959	13	8	3	Pan3
1960	13	9	3	Pan3
1961	13	10	3	Pan3
1962	13	11	3	Pan3
1963	13	12	3	Pan3
1964	13	13	3	Pan3
1965	13	14	3	Pan3
1966	13	15	3	Pan3
1967	13	16	3	Pan3
1968	13	1	4	Pan3
1969	13	2	4	Pan3
1970	13	3	4	Pan3
1971	13	4	4	Pan3
1972	13	5	4	Pan3
1973	13	6	4	Pan3
1974	13	7	4	Pan3
1975	13	8	4	Pan3
1976	13	9	4	Pan3
1977	13	10	4	Pan3
1978	13	11	4	Pan3
1979	13	12	4	Pan3
1980	13	13	4	Pan3
1981	13	14	4	Pan3
1982	13	15	4	Pan3
1983	13	16	4	Pan3
1984	13	1	5	Pan3
1985	13	2	5	Pan3
1986	13	3	5	Pan3
1987	13	4	5	Pan3
1988	13	5	5	Pan3
1989	13	6	5	Pan3
1990	13	7	5	Pan3
1991	13	8	5	Pan3
1992	13	9	5	Pan3
1993	13	10	5	Pan3
1994	13	11	5	Pan3
1995	13	12	5	Pan3
1996	13	13	5	Pan3
1997	13	14	5	Pan3
1998	13	15	5	Pan3
1999	13	16	5	Pan3
2000	13	1	6	Pan3
2001	13	2	6	Pan3
2002	13	3	6	Pan3
2003	13	4	6	Pan3
2004	13	5	6	Pan3
2005	13	6	6	Pan3
2006	13	7	6	Pan3
2007	13	8	6	Pan3
2008	13	9	6	Pan3
2009	13	10	6	Pan3
2010	13	11	6	Pan3
2011	13	12	6	Pan3
2012	13	13	6	Pan3
2013	13	14	6	Pan3
2014	13	15	6	Pan3
2015	13	16	6	Pan3
2016	13	1	7	Pan3
2017	13	2	7	Pan3
2018	13	3	7	Pan3
2019	13	4	7	Pan3
2020	13	5	7	Pan3
2021	13	6	7	Pan3
2022	13	7	7	Pan3
2023	13	8	7	Pan3
2024	13	9	7	Pan3
2025	13	10	7	Pan3
2026	13	11	7	Pan3
2027	13	12	7	Pan3
2028	13	13	7	Pan3
2029	13	14	7	Pan3
2030	13	15	7	Pan3
2031	13	16	7	Pan3
2032	13	1	8	Pan3
2033	13	2	8	Pan3
2034	13	3	8	Pan3
2035	13	4	8	Pan3
2036	13	5	8	Pan3
2037	13	6	8	Pan3
2038	13	7	8	Pan3
2039	13	8	8	Pan3
2040	13	9	8	Pan3
2041	13	10	8	Pan3
2042	13	11	8	Pan3
2043	13	12	8	Pan3
2044	13	13	8	Pan3
2045	13	14	8	Pan3
2046	13	15	8	Pan3
2047	13	16	8	Pan3
2048	13	1	9	Pan3
2049	13	2	9	Pan3
2050	13	3	9	Pan3
2051	13	4	9	Pan3
2052	13	5	9	Pan3
2053	13	6	9	Pan3
2054	13	7	9	Pan3
2055	13	8	9	Pan3
2056	13	9	9	Pan3
2057	13	10	9	Pan3
2058	13	11	9	Pan3
2059	13	12	9	Pan3
2060	13	13	9	Pan3
2061	13	14	9	Pan3
2062	13	15	9	Pan3
2063	13	16	9	Pan3
2064	13	1	10	Pan3
2065	13	2	10	Pan3
2066	13	3	10	Pan3
2067	13	4	10	Pan3
2068	13	5	10	Pan3
2069	13	6	10	Pan3
2070	13	7	10	Pan3
2071	13	8	10	Pan3
2072	13	9	10	Pan3
2073	13	10	10	Pan3
2074	13	11	10	Pan3
2075	13	12	10	Pan3
2076	13	13	10	Pan3
2077	13	14	10	Pan3
2078	13	15	10	Pan3
2079	13	16	10	Pan3
2080	14	1	1	Pan3
2081	14	2	1	Pan3
2082	14	3	1	Pan3
2083	14	4	1	Pan3
2084	14	5	1	Pan3
2085	14	6	1	Pan3
2086	14	7	1	Pan3
2087	14	8	1	Pan3
2088	14	9	1	Pan3
2089	14	10	1	Pan3
2090	14	11	1	Pan3
2091	14	12	1	Pan3
2092	14	13	1	Pan3
2093	14	14	1	Pan3
2094	14	15	1	Pan3
2095	14	16	1	Pan3
2096	14	1	2	Pan3
2097	14	2	2	Pan3
2098	14	3	2	Pan3
2099	14	4	2	Pan3
2100	14	5	2	Pan3
2101	14	6	2	Pan3
2102	14	7	2	Pan3
2103	14	8	2	Pan3
2104	14	9	2	Pan3
2105	14	10	2	Pan3
2106	14	11	2	Pan3
2107	14	12	2	Pan3
2108	14	13	2	Pan3
2109	14	14	2	Pan3
2110	14	15	2	Pan3
2111	14	16	2	Pan3
2112	14	1	3	Pan3
2113	14	2	3	Pan3
2114	14	3	3	Pan3
2115	14	4	3	Pan3
2116	14	5	3	Pan3
2117	14	6	3	Pan3
2118	14	7	3	Pan3
2119	14	8	3	Pan3
2120	14	9	3	Pan3
2121	14	10	3	Pan3
2122	14	11	3	Pan3
2123	14	12	3	Pan3
2124	14	13	3	Pan3
2125	14	14	3	Pan3
2126	14	15	3	Pan3
2127	14	16	3	Pan3
2128	14	1	4	Pan3
2129	14	2	4	Pan3
2130	14	3	4	Pan3
2131	14	4	4	Pan3
2132	14	5	4	Pan3
2133	14	6	4	Pan3
2134	14	7	4	Pan3
2135	14	8	4	Pan3
2136	14	9	4	Pan3
2137	14	10	4	Pan3
2138	14	11	4	Pan3
2139	14	12	4	Pan3
2140	14	13	4	Pan3
2141	14	14	4	Pan3
2142	14	15	4	Pan3
2143	14	16	4	Pan3
2144	14	1	5	Pan3
2145	14	2	5	Pan3
2146	14	3	5	Pan3
2147	14	4	5	Pan3
2148	14	5	5	Pan3
2149	14	6	5	Pan3
2150	14	7	5	Pan3
2151	14	8	5	Pan3
2152	14	9	5	Pan3
2153	14	10	5	Pan3
2154	14	11	5	Pan3
2155	14	12	5	Pan3
2156	14	13	5	Pan3
2157	14	14	5	Pan3
2158	14	15	5	Pan3
2159	14	16	5	Pan3
2160	14	1	6	Pan3
2161	14	2	6	Pan3
2162	14	3	6	Pan3
2163	14	4	6	Pan3
2164	14	5	6	Pan3
2165	14	6	6	Pan3
2166	14	7	6	Pan3
2167	14	8	6	Pan3
2168	14	9	6	Pan3
2169	14	10	6	Pan3
2170	14	11	6	Pan3
2171	14	12	6	Pan3
2172	14	13	6	Pan3
2173	14	14	6	Pan3
2174	14	15	6	Pan3
2175	14	16	6	Pan3
2176	14	1	7	Pan3
2177	14	2	7	Pan3
2178	14	3	7	Pan3
2179	14	4	7	Pan3
2180	14	5	7	Pan3
2181	14	6	7	Pan3
2182	14	7	7	Pan3
2183	14	8	7	Pan3
2184	14	9	7	Pan3
2185	14	10	7	Pan3
2186	14	11	7	Pan3
2187	14	12	7	Pan3
2188	14	13	7	Pan3
2189	14	14	7	Pan3
2190	14	15	7	Pan3
2191	14	16	7	Pan3
2192	14	1	8	Pan3
2193	14	2	8	Pan3
2194	14	3	8	Pan3
2195	14	4	8	Pan3
2196	14	5	8	Pan3
2197	14	6	8	Pan3
2198	14	7	8	Pan3
2199	14	8	8	Pan3
2200	14	9	8	Pan3
2201	14	10	8	Pan3
2202	14	11	8	Pan3
2203	14	12	8	Pan3
2204	14	13	8	Pan3
2205	14	14	8	Pan3
2206	14	15	8	Pan3
2207	14	16	8	Pan3
2208	14	1	9	Pan3
2209	14	2	9	Pan3
2210	14	3	9	Pan3
2211	14	4	9	Pan3
2212	14	5	9	Pan3
2213	14	6	9	Pan3
2214	14	7	9	Pan3
2215	14	8	9	Pan3
2216	14	9	9	Pan3
2217	14	10	9	Pan3
2218	14	11	9	Pan3
2219	14	12	9	Pan3
2220	14	13	9	Pan3
2221	14	14	9	Pan3
2222	14	15	9	Pan3
2223	14	16	9	Pan3
2224	14	1	10	Pan3
2225	14	2	10	Pan3
2226	14	3	10	Pan3
2227	14	4	10	Pan3
2228	14	5	10	Pan3
2229	14	6	10	Pan3
2230	14	7	10	Pan3
2231	14	8	10	Pan3
2232	14	9	10	Pan3
2233	14	10	10	Pan3
2234	14	11	10	Pan3
2235	14	12	10	Pan3
2236	14	13	10	Pan3
2237	14	14	10	Pan3
2238	14	15	10	Pan3
2239	14	16	10	Pan3
2240	15	1	1	Pan3
2241	15	2	1	Pan3
2242	15	3	1	Pan3
2243	15	4	1	Pan3
2244	15	5	1	Pan3
2245	15	6	1	Pan3
2246	15	7	1	Pan3
2247	15	8	1	Pan3
2248	15	9	1	Pan3
2249	15	10	1	Pan3
2250	15	11	1	Pan3
2251	15	12	1	Pan3
2252	15	13	1	Pan3
2253	15	14	1	Pan3
2254	15	15	1	Pan3
2255	15	16	1	Pan3
2256	15	1	2	Pan3
2257	15	2	2	Pan3
2258	15	3	2	Pan3
2259	15	4	2	Pan3
2260	15	5	2	Pan3
2261	15	6	2	Pan3
2262	15	7	2	Pan3
2263	15	8	2	Pan3
2264	15	9	2	Pan3
2265	15	10	2	Pan3
2266	15	11	2	Pan3
2267	15	12	2	Pan3
2268	15	13	2	Pan3
2269	15	14	2	Pan3
2270	15	15	2	Pan3
2271	15	16	2	Pan3
2272	15	1	3	Pan3
2273	15	2	3	Pan3
2274	15	3	3	Pan3
2275	15	4	3	Pan3
2276	15	5	3	Pan3
2277	15	6	3	Pan3
2278	15	7	3	Pan3
2279	15	8	3	Pan3
2280	15	9	3	Pan3
2281	15	10	3	Pan3
2282	15	11	3	Pan3
2283	15	12	3	Pan3
2284	15	13	3	Pan3
2285	15	14	3	Pan3
2286	15	15	3	Pan3
2287	15	16	3	Pan3
2288	15	1	4	Pan3
2289	15	2	4	Pan3
2290	15	3	4	Pan3
2291	15	4	4	Pan3
2292	15	5	4	Pan3
2293	15	6	4	Pan3
2294	15	7	4	Pan3
2295	15	8	4	Pan3
2296	15	9	4	Pan3
2297	15	10	4	Pan3
2298	15	11	4	Pan3
2299	15	12	4	Pan3
2300	15	13	4	Pan3
2301	15	14	4	Pan3
2302	15	15	4	Pan3
2303	15	16	4	Pan3
2304	15	1	5	Pan3
2305	15	2	5	Pan3
2306	15	3	5	Pan3
2307	15	4	5	Pan3
2308	15	5	5	Pan3
2309	15	6	5	Pan3
2310	15	7	5	Pan3
2311	15	8	5	Pan3
2312	15	9	5	Pan3
2313	15	10	5	Pan3
2314	15	11	5	Pan3
2315	15	12	5	Pan3
2316	15	13	5	Pan3
2317	15	14	5	Pan3
2318	15	15	5	Pan3
2319	15	16	5	Pan3
2320	15	1	6	Pan3
2321	15	2	6	Pan3
2322	15	3	6	Pan3
2323	15	4	6	Pan3
2324	15	5	6	Pan3
2325	15	6	6	Pan3
2326	15	7	6	Pan3
2327	15	8	6	Pan3
2328	15	9	6	Pan3
2329	15	10	6	Pan3
2330	15	11	6	Pan3
2331	15	12	6	Pan3
2332	15	13	6	Pan3
2333	15	14	6	Pan3
2334	15	15	6	Pan3
2335	15	16	6	Pan3
2336	15	1	7	Pan3
2337	15	2	7	Pan3
2338	15	3	7	Pan3
2339	15	4	7	Pan3
2340	15	5	7	Pan3
2341	15	6	7	Pan3
2342	15	7	7	Pan3
2343	15	8	7	Pan3
2344	15	9	7	Pan3
2345	15	10	7	Pan3
2346	15	11	7	Pan3
2347	15	12	7	Pan3
2348	15	13	7	Pan3
2349	15	14	7	Pan3
2350	15	15	7	Pan3
2351	15	16	7	Pan3
2352	15	1	8	Pan3
2353	15	2	8	Pan3
2354	15	3	8	Pan3
2355	15	4	8	Pan3
2356	15	5	8	Pan3
2357	15	6	8	Pan3
2358	15	7	8	Pan3
2359	15	8	8	Pan3
2360	15	9	8	Pan3
2361	15	10	8	Pan3
2362	15	11	8	Pan3
2363	15	12	8	Pan3
2364	15	13	8	Pan3
2365	15	14	8	Pan3
2366	15	15	8	Pan3
2367	15	16	8	Pan3
2368	15	1	9	Pan3
2369	15	2	9	Pan3
2370	15	3	9	Pan3
2371	15	4	9	Pan3
2372	15	5	9	Pan3
2373	15	6	9	Pan3
2374	15	7	9	Pan3
2375	15	8	9	Pan3
2376	15	9	9	Pan3
2377	15	10	9	Pan3
2378	15	11	9	Pan3
2379	15	12	9	Pan3
2380	15	13	9	Pan3
2381	15	14	9	Pan3
2382	15	15	9	Pan3
2383	15	16	9	Pan3
2384	15	1	10	Pan3
2385	15	2	10	Pan3
2386	15	3	10	Pan3
2387	15	4	10	Pan3
2388	15	5	10	Pan3
2389	15	6	10	Pan3
2390	15	7	10	Pan3
2391	15	8	10	Pan3
2392	15	9	10	Pan3
2393	15	10	10	Pan3
2394	15	11	10	Pan3
2395	15	12	10	Pan3
2396	15	13	10	Pan3
2397	15	14	10	Pan3
2398	15	15	10	Pan3
2399	15	16	10	Pan3
2400	16	1	1	Pan3
2401	16	2	1	Pan3
2402	16	3	1	Pan3
2403	16	4	1	Pan3
2404	16	5	1	Pan3
2405	16	6	1	Pan3
2406	16	7	1	Pan3
2407	16	8	1	Pan3
2408	16	9	1	Pan3
2409	16	10	1	Pan3
2410	16	11	1	Pan3
2411	16	12	1	Pan3
2412	16	13	1	Pan3
2413	16	14	1	Pan3
2414	16	15	1	Pan3
2415	16	16	1	Pan3
2416	16	1	2	Pan3
2417	16	2	2	Pan3
2418	16	3	2	Pan3
2419	16	4	2	Pan3
2420	16	5	2	Pan3
2421	16	6	2	Pan3
2422	16	7	2	Pan3
2423	16	8	2	Pan3
2424	16	9	2	Pan3
2425	16	10	2	Pan3
2426	16	11	2	Pan3
2427	16	12	2	Pan3
2428	16	13	2	Pan3
2429	16	14	2	Pan3
2430	16	15	2	Pan3
2431	16	16	2	Pan3
2432	16	1	3	Pan3
2433	16	2	3	Pan3
2434	16	3	3	Pan3
2435	16	4	3	Pan3
2436	16	5	3	Pan3
2437	16	6	3	Pan3
2438	16	7	3	Pan3
2439	16	8	3	Pan3
2440	16	9	3	Pan3
2441	16	10	3	Pan3
2442	16	11	3	Pan3
2443	16	12	3	Pan3
2444	16	13	3	Pan3
2445	16	14	3	Pan3
2446	16	15	3	Pan3
2447	16	16	3	Pan3
2448	16	1	4	Pan3
2449	16	2	4	Pan3
2450	16	3	4	Pan3
2451	16	4	4	Pan3
2452	16	5	4	Pan3
2453	16	6	4	Pan3
2454	16	7	4	Pan3
2455	16	8	4	Pan3
2456	16	9	4	Pan3
2457	16	10	4	Pan3
2458	16	11	4	Pan3
2459	16	12	4	Pan3
2460	16	13	4	Pan3
2461	16	14	4	Pan3
2462	16	15	4	Pan3
2463	16	16	4	Pan3
2464	16	1	5	Pan3
2465	16	2	5	Pan3
2466	16	3	5	Pan3
2467	16	4	5	Pan3
2468	16	5	5	Pan3
2469	16	6	5	Pan3
2470	16	7	5	Pan3
2471	16	8	5	Pan3
2472	16	9	5	Pan3
2473	16	10	5	Pan3
2474	16	11	5	Pan3
2475	16	12	5	Pan3
2476	16	13	5	Pan3
2477	16	14	5	Pan3
2478	16	15	5	Pan3
2479	16	16	5	Pan3
2480	16	1	6	Pan3
2481	16	2	6	Pan3
2482	16	3	6	Pan3
2483	16	4	6	Pan3
2484	16	5	6	Pan3
2485	16	6	6	Pan3
2486	16	7	6	Pan3
2487	16	8	6	Pan3
2488	16	9	6	Pan3
2489	16	10	6	Pan3
2490	16	11	6	Pan3
2491	16	12	6	Pan3
2492	16	13	6	Pan3
2493	16	14	6	Pan3
2494	16	15	6	Pan3
2495	16	16	6	Pan3
2496	16	1	7	Pan3
2497	16	2	7	Pan3
2498	16	3	7	Pan3
2499	16	4	7	Pan3
2500	16	5	7	Pan3
2501	16	6	7	Pan3
2502	16	7	7	Pan3
2503	16	8	7	Pan3
2504	16	9	7	Pan3
2505	16	10	7	Pan3
2506	16	11	7	Pan3
2507	16	12	7	Pan3
2508	16	13	7	Pan3
2509	16	14	7	Pan3
2510	16	15	7	Pan3
2511	16	16	7	Pan3
2512	16	1	8	Pan3
2513	16	2	8	Pan3
2514	16	3	8	Pan3
2515	16	4	8	Pan3
2516	16	5	8	Pan3
2517	16	6	8	Pan3
2518	16	7	8	Pan3
2519	16	8	8	Pan3
2520	16	9	8	Pan3
2521	16	10	8	Pan3
2522	16	11	8	Pan3
2523	16	12	8	Pan3
2524	16	13	8	Pan3
2525	16	14	8	Pan3
2526	16	15	8	Pan3
2527	16	16	8	Pan3
2528	16	1	9	Pan3
2529	16	2	9	Pan3
2530	16	3	9	Pan3
2531	16	4	9	Pan3
2532	16	5	9	Pan3
2533	16	6	9	Pan3
2534	16	7	9	Pan3
2535	16	8	9	Pan3
2536	16	9	9	Pan3
2537	16	10	9	Pan3
2538	16	11	9	Pan3
2539	16	12	9	Pan3
2540	16	13	9	Pan3
2541	16	14	9	Pan3
2542	16	15	9	Pan3
2543	16	16	9	Pan3
2544	16	1	10	Pan3
2545	16	2	10	Pan3
2546	16	3	10	Pan3
2547	16	4	10	Pan3
2548	16	5	10	Pan3
2549	16	6	10	Pan3
2550	16	7	10	Pan3
2551	16	8	10	Pan3
2552	16	9	10	Pan3
2553	16	10	10	Pan3
2554	16	11	10	Pan3
2555	16	12	10	Pan3
2556	16	13	10	Pan3
2557	16	14	10	Pan3
2558	16	15	10	Pan3
2559	16	16	10	Pan3
2560	17	1	1	Pan3
2561	17	2	1	Pan3
2562	17	3	1	Pan3
2563	17	4	1	Pan3
2564	17	5	1	Pan3
2565	17	6	1	Pan3
2566	17	7	1	Pan3
2567	17	8	1	Pan3
2568	17	9	1	Pan3
2569	17	10	1	Pan3
2570	17	11	1	Pan3
2571	17	12	1	Pan3
2572	17	13	1	Pan3
2573	17	14	1	Pan3
2574	17	15	1	Pan3
2575	17	16	1	Pan3
2576	17	1	2	Pan3
2577	17	2	2	Pan3
2578	17	3	2	Pan3
2579	17	4	2	Pan3
2580	17	5	2	Pan3
2581	17	6	2	Pan3
2582	17	7	2	Pan3
2583	17	8	2	Pan3
2584	17	9	2	Pan3
2585	17	10	2	Pan3
2586	17	11	2	Pan3
2587	17	12	2	Pan3
2588	17	13	2	Pan3
2589	17	14	2	Pan3
2590	17	15	2	Pan3
2591	17	16	2	Pan3
2592	17	1	3	Pan3
2593	17	2	3	Pan3
2594	17	3	3	Pan3
2595	17	4	3	Pan3
2596	17	5	3	Pan3
2597	17	6	3	Pan3
2598	17	7	3	Pan3
2599	17	8	3	Pan3
2600	17	9	3	Pan3
2601	17	10	3	Pan3
2602	17	11	3	Pan3
2603	17	12	3	Pan3
2604	17	13	3	Pan3
2605	17	14	3	Pan3
2606	17	15	3	Pan3
2607	17	16	3	Pan3
2608	17	1	4	Pan3
2609	17	2	4	Pan3
2610	17	3	4	Pan3
2611	17	4	4	Pan3
2612	17	5	4	Pan3
2613	17	6	4	Pan3
2614	17	7	4	Pan3
2615	17	8	4	Pan3
2616	17	9	4	Pan3
2617	17	10	4	Pan3
2618	17	11	4	Pan3
2619	17	12	4	Pan3
2620	17	13	4	Pan3
2621	17	14	4	Pan3
2622	17	15	4	Pan3
2623	17	16	4	Pan3
2624	17	1	5	Pan3
2625	17	2	5	Pan3
2626	17	3	5	Pan3
2627	17	4	5	Pan3
2628	17	5	5	Pan3
2629	17	6	5	Pan3
2630	17	7	5	Pan3
2631	17	8	5	Pan3
2632	17	9	5	Pan3
2633	17	10	5	Pan3
2634	17	11	5	Pan3
2635	17	12	5	Pan3
2636	17	13	5	Pan3
2637	17	14	5	Pan3
2638	17	15	5	Pan3
2639	17	16	5	Pan3
2640	17	1	6	Pan3
2641	17	2	6	Pan3
2642	17	3	6	Pan3
2643	17	4	6	Pan3
2644	17	5	6	Pan3
2645	17	6	6	Pan3
2646	17	7	6	Pan3
2647	17	8	6	Pan3
2648	17	9	6	Pan3
2649	17	10	6	Pan3
2650	17	11	6	Pan3
2651	17	12	6	Pan3
2652	17	13	6	Pan3
2653	17	14	6	Pan3
2654	17	15	6	Pan3
2655	17	16	6	Pan3
2656	17	1	7	Pan3
2657	17	2	7	Pan3
2658	17	3	7	Pan3
2659	17	4	7	Pan3
2660	17	5	7	Pan3
2661	17	6	7	Pan3
2662	17	7	7	Pan3
2663	17	8	7	Pan3
2664	17	9	7	Pan3
2665	17	10	7	Pan3
2666	17	11	7	Pan3
2667	17	12	7	Pan3
2668	17	13	7	Pan3
2669	17	14	7	Pan3
2670	17	15	7	Pan3
2671	17	16	7	Pan3
2672	17	1	8	Pan3
2673	17	2	8	Pan3
2674	17	3	8	Pan3
2675	17	4	8	Pan3
2676	17	5	8	Pan3
2677	17	6	8	Pan3
2678	17	7	8	Pan3
2679	17	8	8	Pan3
2680	17	9	8	Pan3
2681	17	10	8	Pan3
2682	17	11	8	Pan3
2683	17	12	8	Pan3
2684	17	13	8	Pan3
2685	17	14	8	Pan3
2686	17	15	8	Pan3
2687	17	16	8	Pan3
2688	17	1	9	Pan3
2689	17	2	9	Pan3
2690	17	3	9	Pan3
2691	17	4	9	Pan3
2692	17	5	9	Pan3
2693	17	6	9	Pan3
2694	17	7	9	Pan3
2695	17	8	9	Pan3
2696	17	9	9	Pan3
2697	17	10	9	Pan3
2698	17	11	9	Pan3
2699	17	12	9	Pan3
2700	17	13	9	Pan3
2701	17	14	9	Pan3
2702	17	15	9	Pan3
2703	17	16	9	Pan3
2704	17	1	10	Pan3
2705	17	2	10	Pan3
2706	17	3	10	Pan3
2707	17	4	10	Pan3
2708	17	5	10	Pan3
2709	17	6	10	Pan3
2710	17	7	10	Pan3
2711	17	8	10	Pan3
2712	17	9	10	Pan3
2713	17	10	10	Pan3
2714	17	11	10	Pan3
2715	17	12	10	Pan3
2716	17	13	10	Pan3
2717	17	14	10	Pan3
2718	17	15	10	Pan3
2719	17	16	10	Pan3
2720	18	1	1	Pan3
2721	18	2	1	Pan3
2722	18	3	1	Pan3
2723	18	4	1	Pan3
2724	18	5	1	Pan3
2725	18	6	1	Pan3
2726	18	7	1	Pan3
2727	18	8	1	Pan3
2728	18	9	1	Pan3
2729	18	10	1	Pan3
2730	18	11	1	Pan3
2731	18	12	1	Pan3
2732	18	13	1	Pan3
2733	18	14	1	Pan3
2734	18	15	1	Pan3
2735	18	16	1	Pan3
2736	18	1	2	Pan3
2737	18	2	2	Pan3
2738	18	3	2	Pan3
2739	18	4	2	Pan3
2740	18	5	2	Pan3
2741	18	6	2	Pan3
2742	18	7	2	Pan3
2743	18	8	2	Pan3
2744	18	9	2	Pan3
2745	18	10	2	Pan3
2746	18	11	2	Pan3
2747	18	12	2	Pan3
2748	18	13	2	Pan3
2749	18	14	2	Pan3
2750	18	15	2	Pan3
2751	18	16	2	Pan3
2752	18	1	3	Pan3
2753	18	2	3	Pan3
2754	18	3	3	Pan3
2755	18	4	3	Pan3
2756	18	5	3	Pan3
2757	18	6	3	Pan3
2758	18	7	3	Pan3
2759	18	8	3	Pan3
2760	18	9	3	Pan3
2761	18	10	3	Pan3
2762	18	11	3	Pan3
2763	18	12	3	Pan3
2764	18	13	3	Pan3
2765	18	14	3	Pan3
2766	18	15	3	Pan3
2767	18	16	3	Pan3
2768	18	1	4	Pan3
2769	18	2	4	Pan3
2770	18	3	4	Pan3
2771	18	4	4	Pan3
2772	18	5	4	Pan3
2773	18	6	4	Pan3
2774	18	7	4	Pan3
2775	18	8	4	Pan3
2776	18	9	4	Pan3
2777	18	10	4	Pan3
2778	18	11	4	Pan3
2779	18	12	4	Pan3
2780	18	13	4	Pan3
2781	18	14	4	Pan3
2782	18	15	4	Pan3
2783	18	16	4	Pan3
2784	18	1	5	Pan3
2785	18	2	5	Pan3
2786	18	3	5	Pan3
2787	18	4	5	Pan3
2788	18	5	5	Pan3
2789	18	6	5	Pan3
2790	18	7	5	Pan3
2791	18	8	5	Pan3
2792	18	9	5	Pan3
2793	18	10	5	Pan3
2794	18	11	5	Pan3
2795	18	12	5	Pan3
2796	18	13	5	Pan3
2797	18	14	5	Pan3
2798	18	15	5	Pan3
2799	18	16	5	Pan3
2800	18	1	6	Pan3
2801	18	2	6	Pan3
2802	18	3	6	Pan3
2803	18	4	6	Pan3
2804	18	5	6	Pan3
2805	18	6	6	Pan3
2806	18	7	6	Pan3
2807	18	8	6	Pan3
2808	18	9	6	Pan3
2809	18	10	6	Pan3
2810	18	11	6	Pan3
2811	18	12	6	Pan3
2812	18	13	6	Pan3
2813	18	14	6	Pan3
2814	18	15	6	Pan3
2815	18	16	6	Pan3
2816	18	1	7	Pan3
2817	18	2	7	Pan3
2818	18	3	7	Pan3
2819	18	4	7	Pan3
2820	18	5	7	Pan3
2821	18	6	7	Pan3
2822	18	7	7	Pan3
2823	18	8	7	Pan3
2824	18	9	7	Pan3
2825	18	10	7	Pan3
2826	18	11	7	Pan3
2827	18	12	7	Pan3
2828	18	13	7	Pan3
2829	18	14	7	Pan3
2830	18	15	7	Pan3
2831	18	16	7	Pan3
2832	18	1	8	Pan3
2833	18	2	8	Pan3
2834	18	3	8	Pan3
2835	18	4	8	Pan3
2836	18	5	8	Pan3
2837	18	6	8	Pan3
2838	18	7	8	Pan3
2839	18	8	8	Pan3
2840	18	9	8	Pan3
2841	18	10	8	Pan3
2842	18	11	8	Pan3
2843	18	12	8	Pan3
2844	18	13	8	Pan3
2845	18	14	8	Pan3
2846	18	15	8	Pan3
2847	18	16	8	Pan3
2848	18	1	9	Pan3
2849	18	2	9	Pan3
2850	18	3	9	Pan3
2851	18	4	9	Pan3
2852	18	5	9	Pan3
2853	18	6	9	Pan3
2854	18	7	9	Pan3
2855	18	8	9	Pan3
2856	18	9	9	Pan3
2857	18	10	9	Pan3
2858	18	11	9	Pan3
2859	18	12	9	Pan3
2860	18	13	9	Pan3
2861	18	14	9	Pan3
2862	18	15	9	Pan3
2863	18	16	9	Pan3
2864	18	1	10	Pan3
2865	18	2	10	Pan3
2866	18	3	10	Pan3
2867	18	4	10	Pan3
2868	18	5	10	Pan3
2869	18	6	10	Pan3
2870	18	7	10	Pan3
2871	18	8	10	Pan3
2872	18	9	10	Pan3
2873	18	10	10	Pan3
2874	18	11	10	Pan3
2875	18	12	10	Pan3
2876	18	13	10	Pan3
2877	18	14	10	Pan3
2878	18	15	10	Pan3
2879	18	16	10	Pan3
2880	19	1	1	Pan3
2881	19	2	1	Pan3
2882	19	3	1	Pan3
2883	19	4	1	Pan3
2884	19	5	1	Pan3
2885	19	6	1	Pan3
2886	19	7	1	Pan3
2887	19	8	1	Pan3
2888	19	9	1	Pan3
2889	19	10	1	Pan3
2890	19	11	1	Pan3
2891	19	12	1	Pan3
2892	19	13	1	Pan3
2893	19	14	1	Pan3
2894	19	15	1	Pan3
2895	19	16	1	Pan3
2896	19	1	2	Pan3
2897	19	2	2	Pan3
2898	19	3	2	Pan3
2899	19	4	2	Pan3
2900	19	5	2	Pan3
2901	19	6	2	Pan3
2902	19	7	2	Pan3
2903	19	8	2	Pan3
2904	19	9	2	Pan3
2905	19	10	2	Pan3
2906	19	11	2	Pan3
2907	19	12	2	Pan3
2908	19	13	2	Pan3
2909	19	14	2	Pan3
2910	19	15	2	Pan3
2911	19	16	2	Pan3
2912	19	1	3	Pan3
2913	19	2	3	Pan3
2914	19	3	3	Pan3
2915	19	4	3	Pan3
2916	19	5	3	Pan3
2917	19	6	3	Pan3
2918	19	7	3	Pan3
2919	19	8	3	Pan3
2920	19	9	3	Pan3
2921	19	10	3	Pan3
2922	19	11	3	Pan3
2923	19	12	3	Pan3
2924	19	13	3	Pan3
2925	19	14	3	Pan3
2926	19	15	3	Pan3
2927	19	16	3	Pan3
2928	19	1	4	Pan3
2929	19	2	4	Pan3
2930	19	3	4	Pan3
2931	19	4	4	Pan3
2932	19	5	4	Pan3
2933	19	6	4	Pan3
2934	19	7	4	Pan3
2935	19	8	4	Pan3
2936	19	9	4	Pan3
2937	19	10	4	Pan3
2938	19	11	4	Pan3
2939	19	12	4	Pan3
2940	19	13	4	Pan3
2941	19	14	4	Pan3
2942	19	15	4	Pan3
2943	19	16	4	Pan3
2944	19	1	5	Pan3
2945	19	2	5	Pan3
2946	19	3	5	Pan3
2947	19	4	5	Pan3
2948	19	5	5	Pan3
2949	19	6	5	Pan3
2950	19	7	5	Pan3
2951	19	8	5	Pan3
2952	19	9	5	Pan3
2953	19	10	5	Pan3
2954	19	11	5	Pan3
2955	19	12	5	Pan3
2956	19	13	5	Pan3
2957	19	14	5	Pan3
2958	19	15	5	Pan3
2959	19	16	5	Pan3
2960	19	1	6	Pan3
2961	19	2	6	Pan3
2962	19	3	6	Pan3
2963	19	4	6	Pan3
2964	19	5	6	Pan3
2965	19	6	6	Pan3
2966	19	7	6	Pan3
2967	19	8	6	Pan3
2968	19	9	6	Pan3
2969	19	10	6	Pan3
2970	19	11	6	Pan3
2971	19	12	6	Pan3
2972	19	13	6	Pan3
2973	19	14	6	Pan3
2974	19	15	6	Pan3
2975	19	16	6	Pan3
2976	19	1	7	Pan3
2977	19	2	7	Pan3
2978	19	3	7	Pan3
2979	19	4	7	Pan3
2980	19	5	7	Pan3
2981	19	6	7	Pan3
2982	19	7	7	Pan3
2983	19	8	7	Pan3
2984	19	9	7	Pan3
2985	19	10	7	Pan3
2986	19	11	7	Pan3
2987	19	12	7	Pan3
2988	19	13	7	Pan3
2989	19	14	7	Pan3
2990	19	15	7	Pan3
2991	19	16	7	Pan3
2992	19	1	8	Pan3
2993	19	2	8	Pan3
2994	19	3	8	Pan3
2995	19	4	8	Pan3
2996	19	5	8	Pan3
2997	19	6	8	Pan3
2998	19	7	8	Pan3
2999	19	8	8	Pan3
3000	19	9	8	Pan3
3001	19	10	8	Pan3
3002	19	11	8	Pan3
3003	19	12	8	Pan3
3004	19	13	8	Pan3
3005	19	14	8	Pan3
3006	19	15	8	Pan3
3007	19	16	8	Pan3
3008	19	1	9	Pan3
3009	19	2	9	Pan3
3010	19	3	9	Pan3
3011	19	4	9	Pan3
3012	19	5	9	Pan3
3013	19	6	9	Pan3
3014	19	7	9	Pan3
3015	19	8	9	Pan3
3016	19	9	9	Pan3
3017	19	10	9	Pan3
3018	19	11	9	Pan3
3019	19	12	9	Pan3
3020	19	13	9	Pan3
3021	19	14	9	Pan3
3022	19	15	9	Pan3
3023	19	16	9	Pan3
3024	19	1	10	Pan3
3025	19	2	10	Pan3
3026	19	3	10	Pan3
3027	19	4	10	Pan3
3028	19	5	10	Pan3
3029	19	6	10	Pan3
3030	19	7	10	Pan3
3031	19	8	10	Pan3
3032	19	9	10	Pan3
3033	19	10	10	Pan3
3034	19	11	10	Pan3
3035	19	12	10	Pan3
3036	19	13	10	Pan3
3037	19	14	10	Pan3
3038	19	15	10	Pan3
3039	19	16	10	Pan3
3040	20	1	1	Pan3
3041	20	2	1	Pan3
3042	20	3	1	Pan3
3043	20	4	1	Pan3
3044	20	5	1	Pan3
3045	20	6	1	Pan3
3046	20	7	1	Pan3
3047	20	8	1	Pan3
3048	20	9	1	Pan3
3049	20	10	1	Pan3
3050	20	11	1	Pan3
3051	20	12	1	Pan3
3052	20	13	1	Pan3
3053	20	14	1	Pan3
3054	20	15	1	Pan3
3055	20	16	1	Pan3
3056	20	1	2	Pan3
3057	20	2	2	Pan3
3058	20	3	2	Pan3
3059	20	4	2	Pan3
3060	20	5	2	Pan3
3061	20	6	2	Pan3
3062	20	7	2	Pan3
3063	20	8	2	Pan3
3064	20	9	2	Pan3
3065	20	10	2	Pan3
3066	20	11	2	Pan3
3067	20	12	2	Pan3
3068	20	13	2	Pan3
3069	20	14	2	Pan3
3070	20	15	2	Pan3
3071	20	16	2	Pan3
3072	20	1	3	Pan3
3073	20	2	3	Pan3
3074	20	3	3	Pan3
3075	20	4	3	Pan3
3076	20	5	3	Pan3
3077	20	6	3	Pan3
3078	20	7	3	Pan3
3079	20	8	3	Pan3
3080	20	9	3	Pan3
3081	20	10	3	Pan3
3082	20	11	3	Pan3
3083	20	12	3	Pan3
3084	20	13	3	Pan3
3085	20	14	3	Pan3
3086	20	15	3	Pan3
3087	20	16	3	Pan3
3088	20	1	4	Pan3
3089	20	2	4	Pan3
3090	20	3	4	Pan3
3091	20	4	4	Pan3
3092	20	5	4	Pan3
3093	20	6	4	Pan3
3094	20	7	4	Pan3
3095	20	8	4	Pan3
3096	20	9	4	Pan3
3097	20	10	4	Pan3
3098	20	11	4	Pan3
3099	20	12	4	Pan3
3100	20	13	4	Pan3
3101	20	14	4	Pan3
3102	20	15	4	Pan3
3103	20	16	4	Pan3
3104	20	1	5	Pan3
3105	20	2	5	Pan3
3106	20	3	5	Pan3
3107	20	4	5	Pan3
3108	20	5	5	Pan3
3109	20	6	5	Pan3
3110	20	7	5	Pan3
3111	20	8	5	Pan3
3112	20	9	5	Pan3
3113	20	10	5	Pan3
3114	20	11	5	Pan3
3115	20	12	5	Pan3
3116	20	13	5	Pan3
3117	20	14	5	Pan3
3118	20	15	5	Pan3
3119	20	16	5	Pan3
3120	20	1	6	Pan3
3121	20	2	6	Pan3
3122	20	3	6	Pan3
3123	20	4	6	Pan3
3124	20	5	6	Pan3
3125	20	6	6	Pan3
3126	20	7	6	Pan3
3127	20	8	6	Pan3
3128	20	9	6	Pan3
3129	20	10	6	Pan3
3130	20	11	6	Pan3
3131	20	12	6	Pan3
3132	20	13	6	Pan3
3133	20	14	6	Pan3
3134	20	15	6	Pan3
3135	20	16	6	Pan3
3136	20	1	7	Pan3
3137	20	2	7	Pan3
3138	20	3	7	Pan3
3139	20	4	7	Pan3
3140	20	5	7	Pan3
3141	20	6	7	Pan3
3142	20	7	7	Pan3
3143	20	8	7	Pan3
3144	20	9	7	Pan3
3145	20	10	7	Pan3
3146	20	11	7	Pan3
3147	20	12	7	Pan3
3148	20	13	7	Pan3
3149	20	14	7	Pan3
3150	20	15	7	Pan3
3151	20	16	7	Pan3
3152	20	1	8	Pan3
3153	20	2	8	Pan3
3154	20	3	8	Pan3
3155	20	4	8	Pan3
3156	20	5	8	Pan3
3157	20	6	8	Pan3
3158	20	7	8	Pan3
3159	20	8	8	Pan3
3160	20	9	8	Pan3
3161	20	10	8	Pan3
3162	20	11	8	Pan3
3163	20	12	8	Pan3
3164	20	13	8	Pan3
3165	20	14	8	Pan3
3166	20	15	8	Pan3
3167	20	16	8	Pan3
3168	20	1	9	Pan3
3169	20	2	9	Pan3
3170	20	3	9	Pan3
3171	20	4	9	Pan3
3172	20	5	9	Pan3
3173	20	6	9	Pan3
3174	20	7	9	Pan3
3175	20	8	9	Pan3
3176	20	9	9	Pan3
3177	20	10	9	Pan3
3178	20	11	9	Pan3
3179	20	12	9	Pan3
3180	20	13	9	Pan3
3181	20	14	9	Pan3
3182	20	15	9	Pan3
3183	20	16	9	Pan3
3184	20	1	10	Pan3
3185	20	2	10	Pan3
3186	20	3	10	Pan3
3187	20	4	10	Pan3
3188	20	5	10	Pan3
3189	20	6	10	Pan3
3190	20	7	10	Pan3
3191	20	8	10	Pan3
3192	20	9	10	Pan3
3193	20	10	10	Pan3
3194	20	11	10	Pan3
3195	20	12	10	Pan3
3196	20	13	10	Pan3
3197	20	14	10	Pan3
3198	20	15	10	Pan3
3199	20	16	10	Pan3
3200	21	1	1	Pan3
3201	21	2	1	Pan3
3202	21	3	1	Pan3
3203	21	4	1	Pan3
3204	21	5	1	Pan3
3205	21	6	1	Pan3
3206	21	7	1	Pan3
3207	21	8	1	Pan3
3208	21	9	1	Pan3
3209	21	10	1	Pan3
3210	21	11	1	Pan3
3211	21	12	1	Pan3
3212	21	13	1	Pan3
3213	21	14	1	Pan3
3214	21	15	1	Pan3
3215	21	16	1	Pan3
3216	21	1	2	Pan3
3217	21	2	2	Pan3
3218	21	3	2	Pan3
3219	21	4	2	Pan3
3220	21	5	2	Pan3
3221	21	6	2	Pan3
3222	21	7	2	Pan3
3223	21	8	2	Pan3
3224	21	9	2	Pan3
3225	21	10	2	Pan3
3226	21	11	2	Pan3
3227	21	12	2	Pan3
3228	21	13	2	Pan3
3229	21	14	2	Pan3
3230	21	15	2	Pan3
3231	21	16	2	Pan3
3232	21	1	3	Pan3
3233	21	2	3	Pan3
3234	21	3	3	Pan3
3235	21	4	3	Pan3
3236	21	5	3	Pan3
3237	21	6	3	Pan3
3238	21	7	3	Pan3
3239	21	8	3	Pan3
3240	21	9	3	Pan3
3241	21	10	3	Pan3
3242	21	11	3	Pan3
3243	21	12	3	Pan3
3244	21	13	3	Pan3
3245	21	14	3	Pan3
3246	21	15	3	Pan3
3247	21	16	3	Pan3
3248	21	1	4	Pan3
3249	21	2	4	Pan3
3250	21	3	4	Pan3
3251	21	4	4	Pan3
3252	21	5	4	Pan3
3253	21	6	4	Pan3
3254	21	7	4	Pan3
3255	21	8	4	Pan3
3256	21	9	4	Pan3
3257	21	10	4	Pan3
3258	21	11	4	Pan3
3259	21	12	4	Pan3
3260	21	13	4	Pan3
3261	21	14	4	Pan3
3262	21	15	4	Pan3
3263	21	16	4	Pan3
3264	21	1	5	Pan3
3265	21	2	5	Pan3
3266	21	3	5	Pan3
3267	21	4	5	Pan3
3268	21	5	5	Pan3
3269	21	6	5	Pan3
3270	21	7	5	Pan3
3271	21	8	5	Pan3
3272	21	9	5	Pan3
3273	21	10	5	Pan3
3274	21	11	5	Pan3
3275	21	12	5	Pan3
3276	21	13	5	Pan3
3277	21	14	5	Pan3
3278	21	15	5	Pan3
3279	21	16	5	Pan3
3280	21	1	6	Pan3
3281	21	2	6	Pan3
3282	21	3	6	Pan3
3283	21	4	6	Pan3
3284	21	5	6	Pan3
3285	21	6	6	Pan3
3286	21	7	6	Pan3
3287	21	8	6	Pan3
3288	21	9	6	Pan3
3289	21	10	6	Pan3
3290	21	11	6	Pan3
3291	21	12	6	Pan3
3292	21	13	6	Pan3
3293	21	14	6	Pan3
3294	21	15	6	Pan3
3295	21	16	6	Pan3
3296	21	1	7	Pan3
3297	21	2	7	Pan3
3298	21	3	7	Pan3
3299	21	4	7	Pan3
3300	21	5	7	Pan3
3301	21	6	7	Pan3
3302	21	7	7	Pan3
3303	21	8	7	Pan3
3304	21	9	7	Pan3
3305	21	10	7	Pan3
3306	21	11	7	Pan3
3307	21	12	7	Pan3
3308	21	13	7	Pan3
3309	21	14	7	Pan3
3310	21	15	7	Pan3
3311	21	16	7	Pan3
3312	21	1	8	Pan3
3313	21	2	8	Pan3
3314	21	3	8	Pan3
3315	21	4	8	Pan3
3316	21	5	8	Pan3
3317	21	6	8	Pan3
3318	21	7	8	Pan3
3319	21	8	8	Pan3
3320	21	9	8	Pan3
3321	21	10	8	Pan3
3322	21	11	8	Pan3
3323	21	12	8	Pan3
3324	21	13	8	Pan3
3325	21	14	8	Pan3
3326	21	15	8	Pan3
3327	21	16	8	Pan3
3328	21	1	9	Pan3
3329	21	2	9	Pan3
3330	21	3	9	Pan3
3331	21	4	9	Pan3
3332	21	5	9	Pan3
3333	21	6	9	Pan3
3334	21	7	9	Pan3
3335	21	8	9	Pan3
3336	21	9	9	Pan3
3337	21	10	9	Pan3
3338	21	11	9	Pan3
3339	21	12	9	Pan3
3340	21	13	9	Pan3
3341	21	14	9	Pan3
3342	21	15	9	Pan3
3343	21	16	9	Pan3
3344	21	1	10	Pan3
3345	21	2	10	Pan3
3346	21	3	10	Pan3
3347	21	4	10	Pan3
3348	21	5	10	Pan3
3349	21	6	10	Pan3
3350	21	7	10	Pan3
3351	21	8	10	Pan3
3352	21	9	10	Pan3
3353	21	10	10	Pan3
3354	21	11	10	Pan3
3355	21	12	10	Pan3
3356	21	13	10	Pan3
3357	21	14	10	Pan3
3358	21	15	10	Pan3
3359	21	16	10	Pan3
3360	22	1	1	Pan3
3361	22	2	1	Pan3
3362	22	3	1	Pan3
3363	22	4	1	Pan3
3364	22	5	1	Pan3
3365	22	6	1	Pan3
3366	22	7	1	Pan3
3367	22	8	1	Pan3
3368	22	9	1	Pan3
3369	22	10	1	Pan3
3370	22	11	1	Pan3
3371	22	12	1	Pan3
3372	22	13	1	Pan3
3373	22	14	1	Pan3
3374	22	15	1	Pan3
3375	22	16	1	Pan3
3376	22	1	2	Pan3
3377	22	2	2	Pan3
3378	22	3	2	Pan3
3379	22	4	2	Pan3
3380	22	5	2	Pan3
3381	22	6	2	Pan3
3382	22	7	2	Pan3
3383	22	8	2	Pan3
3384	22	9	2	Pan3
3385	22	10	2	Pan3
3386	22	11	2	Pan3
3387	22	12	2	Pan3
3388	22	13	2	Pan3
3389	22	14	2	Pan3
3390	22	15	2	Pan3
3391	22	16	2	Pan3
3392	22	1	3	Pan3
3393	22	2	3	Pan3
3394	22	3	3	Pan3
3395	22	4	3	Pan3
3396	22	5	3	Pan3
3397	22	6	3	Pan3
3398	22	7	3	Pan3
3399	22	8	3	Pan3
3400	22	9	3	Pan3
3401	22	10	3	Pan3
3402	22	11	3	Pan3
3403	22	12	3	Pan3
3404	22	13	3	Pan3
3405	22	14	3	Pan3
3406	22	15	3	Pan3
3407	22	16	3	Pan3
3408	22	1	4	Pan3
3409	22	2	4	Pan3
3410	22	3	4	Pan3
3411	22	4	4	Pan3
3412	22	5	4	Pan3
3413	22	6	4	Pan3
3414	22	7	4	Pan3
3415	22	8	4	Pan3
3416	22	9	4	Pan3
3417	22	10	4	Pan3
3418	22	11	4	Pan3
3419	22	12	4	Pan3
3420	22	13	4	Pan3
3421	22	14	4	Pan3
3422	22	15	4	Pan3
3423	22	16	4	Pan3
3424	22	1	5	Pan3
3425	22	2	5	Pan3
3426	22	3	5	Pan3
3427	22	4	5	Pan3
3428	22	5	5	Pan3
3429	22	6	5	Pan3
3430	22	7	5	Pan3
3431	22	8	5	Pan3
3432	22	9	5	Pan3
3433	22	10	5	Pan3
3434	22	11	5	Pan3
3435	22	12	5	Pan3
3436	22	13	5	Pan3
3437	22	14	5	Pan3
3438	22	15	5	Pan3
3439	22	16	5	Pan3
3440	22	1	6	Pan3
3441	22	2	6	Pan3
3442	22	3	6	Pan3
3443	22	4	6	Pan3
3444	22	5	6	Pan3
3445	22	6	6	Pan3
3446	22	7	6	Pan3
3447	22	8	6	Pan3
3448	22	9	6	Pan3
3449	22	10	6	Pan3
3450	22	11	6	Pan3
3451	22	12	6	Pan3
3452	22	13	6	Pan3
3453	22	14	6	Pan3
3454	22	15	6	Pan3
3455	22	16	6	Pan3
3456	22	1	7	Pan3
3457	22	2	7	Pan3
3458	22	3	7	Pan3
3459	22	4	7	Pan3
3460	22	5	7	Pan3
3461	22	6	7	Pan3
3462	22	7	7	Pan3
3463	22	8	7	Pan3
3464	22	9	7	Pan3
3465	22	10	7	Pan3
3466	22	11	7	Pan3
3467	22	12	7	Pan3
3468	22	13	7	Pan3
3469	22	14	7	Pan3
3470	22	15	7	Pan3
3471	22	16	7	Pan3
3472	22	1	8	Pan3
3473	22	2	8	Pan3
3474	22	3	8	Pan3
3475	22	4	8	Pan3
3476	22	5	8	Pan3
3477	22	6	8	Pan3
3478	22	7	8	Pan3
3479	22	8	8	Pan3
3480	22	9	8	Pan3
3481	22	10	8	Pan3
3482	22	11	8	Pan3
3483	22	12	8	Pan3
3484	22	13	8	Pan3
3485	22	14	8	Pan3
3486	22	15	8	Pan3
3487	22	16	8	Pan3
3488	22	1	9	Pan3
3489	22	2	9	Pan3
3490	22	3	9	Pan3
3491	22	4	9	Pan3
3492	22	5	9	Pan3
3493	22	6	9	Pan3
3494	22	7	9	Pan3
3495	22	8	9	Pan3
3496	22	9	9	Pan3
3497	22	10	9	Pan3
3498	22	11	9	Pan3
3499	22	12	9	Pan3
3500	22	13	9	Pan3
3501	22	14	9	Pan3
3502	22	15	9	Pan3
3503	22	16	9	Pan3
3504	22	1	10	Pan3
3505	22	2	10	Pan3
3506	22	3	10	Pan3
3507	22	4	10	Pan3
3508	22	5	10	Pan3
3509	22	6	10	Pan3
3510	22	7	10	Pan3
3511	22	8	10	Pan3
3512	22	9	10	Pan3
3513	22	10	10	Pan3
3514	22	11	10	Pan3
3515	22	12	10	Pan3
3516	22	13	10	Pan3
3517	22	14	10	Pan3
3518	22	15	10	Pan3
3519	22	16	10	Pan3
3520	23	1	1	Pan3
3521	23	2	1	Pan3
3522	23	3	1	Pan3
3523	23	4	1	Pan3
3524	23	5	1	Pan3
3525	23	6	1	Pan3
3526	23	7	1	Pan3
3527	23	8	1	Pan3
3528	23	9	1	Pan3
3529	23	10	1	Pan3
3530	23	11	1	Pan3
3531	23	12	1	Pan3
3532	23	13	1	Pan3
3533	23	14	1	Pan3
3534	23	15	1	Pan3
3535	23	16	1	Pan3
3536	23	1	2	Pan3
3537	23	2	2	Pan3
3538	23	3	2	Pan3
3539	23	4	2	Pan3
3540	23	5	2	Pan3
3541	23	6	2	Pan3
3542	23	7	2	Pan3
3543	23	8	2	Pan3
3544	23	9	2	Pan3
3545	23	10	2	Pan3
3546	23	11	2	Pan3
3547	23	12	2	Pan3
3548	23	13	2	Pan3
3549	23	14	2	Pan3
3550	23	15	2	Pan3
3551	23	16	2	Pan3
3552	23	1	3	Pan3
3553	23	2	3	Pan3
3554	23	3	3	Pan3
3555	23	4	3	Pan3
3556	23	5	3	Pan3
3557	23	6	3	Pan3
3558	23	7	3	Pan3
3559	23	8	3	Pan3
3560	23	9	3	Pan3
3561	23	10	3	Pan3
3562	23	11	3	Pan3
3563	23	12	3	Pan3
3564	23	13	3	Pan3
3565	23	14	3	Pan3
3566	23	15	3	Pan3
3567	23	16	3	Pan3
3568	23	1	4	Pan3
3569	23	2	4	Pan3
3570	23	3	4	Pan3
3571	23	4	4	Pan3
3572	23	5	4	Pan3
3573	23	6	4	Pan3
3574	23	7	4	Pan3
3575	23	8	4	Pan3
3576	23	9	4	Pan3
3577	23	10	4	Pan3
3578	23	11	4	Pan3
3579	23	12	4	Pan3
3580	23	13	4	Pan3
3581	23	14	4	Pan3
3582	23	15	4	Pan3
3583	23	16	4	Pan3
3584	23	1	5	Pan3
3585	23	2	5	Pan3
3586	23	3	5	Pan3
3587	23	4	5	Pan3
3588	23	5	5	Pan3
3589	23	6	5	Pan3
3590	23	7	5	Pan3
3591	23	8	5	Pan3
3592	23	9	5	Pan3
3593	23	10	5	Pan3
3594	23	11	5	Pan3
3595	23	12	5	Pan3
3596	23	13	5	Pan3
3597	23	14	5	Pan3
3598	23	15	5	Pan3
3599	23	16	5	Pan3
3600	23	1	6	Pan3
3601	23	2	6	Pan3
3602	23	3	6	Pan3
3603	23	4	6	Pan3
3604	23	5	6	Pan3
3605	23	6	6	Pan3
3606	23	7	6	Pan3
3607	23	8	6	Pan3
3608	23	9	6	Pan3
3609	23	10	6	Pan3
3610	23	11	6	Pan3
3611	23	12	6	Pan3
3612	23	13	6	Pan3
3613	23	14	6	Pan3
3614	23	15	6	Pan3
3615	23	16	6	Pan3
3616	23	1	7	Pan3
3617	23	2	7	Pan3
3618	23	3	7	Pan3
3619	23	4	7	Pan3
3620	23	5	7	Pan3
3621	23	6	7	Pan3
3622	23	7	7	Pan3
3623	23	8	7	Pan3
3624	23	9	7	Pan3
3625	23	10	7	Pan3
3626	23	11	7	Pan3
3627	23	12	7	Pan3
3628	23	13	7	Pan3
3629	23	14	7	Pan3
3630	23	15	7	Pan3
3631	23	16	7	Pan3
3632	23	1	8	Pan3
3633	23	2	8	Pan3
3634	23	3	8	Pan3
3635	23	4	8	Pan3
3636	23	5	8	Pan3
3637	23	6	8	Pan3
3638	23	7	8	Pan3
3639	23	8	8	Pan3
3640	23	9	8	Pan3
3641	23	10	8	Pan3
3642	23	11	8	Pan3
3643	23	12	8	Pan3
3644	23	13	8	Pan3
3645	23	14	8	Pan3
3646	23	15	8	Pan3
3647	23	16	8	Pan3
3648	23	1	9	Pan3
3649	23	2	9	Pan3
3650	23	3	9	Pan3
3651	23	4	9	Pan3
3652	23	5	9	Pan3
3653	23	6	9	Pan3
3654	23	7	9	Pan3
3655	23	8	9	Pan3
3656	23	9	9	Pan3
3657	23	10	9	Pan3
3658	23	11	9	Pan3
3659	23	12	9	Pan3
3660	23	13	9	Pan3
3661	23	14	9	Pan3
3662	23	15	9	Pan3
3663	23	16	9	Pan3
3664	23	1	10	Pan3
3665	23	2	10	Pan3
3666	23	3	10	Pan3
3667	23	4	10	Pan3
3668	23	5	10	Pan3
3669	23	6	10	Pan3
3670	23	7	10	Pan3
3671	23	8	10	Pan3
3672	23	9	10	Pan3
3673	23	10	10	Pan3
3674	23	11	10	Pan3
3675	23	12	10	Pan3
3676	23	13	10	Pan3
3677	23	14	10	Pan3
3678	23	15	10	Pan3
3679	23	16	10	Pan3
3680	24	1	1	Pan3
3681	24	2	1	Pan3
3682	24	3	1	Pan3
3683	24	4	1	Pan3
3684	24	5	1	Pan3
3685	24	6	1	Pan3
3686	24	7	1	Pan3
3687	24	8	1	Pan3
3688	24	9	1	Pan3
3689	24	10	1	Pan3
3690	24	11	1	Pan3
3691	24	12	1	Pan3
3692	24	13	1	Pan3
3693	24	14	1	Pan3
3694	24	15	1	Pan3
3695	24	16	1	Pan3
3696	24	1	2	Pan3
3697	24	2	2	Pan3
3698	24	3	2	Pan3
3699	24	4	2	Pan3
3700	24	5	2	Pan3
3701	24	6	2	Pan3
3702	24	7	2	Pan3
3703	24	8	2	Pan3
3704	24	9	2	Pan3
3705	24	10	2	Pan3
3706	24	11	2	Pan3
3707	24	12	2	Pan3
3708	24	13	2	Pan3
3709	24	14	2	Pan3
3710	24	15	2	Pan3
3711	24	16	2	Pan3
3712	24	1	3	Pan3
3713	24	2	3	Pan3
3714	24	3	3	Pan3
3715	24	4	3	Pan3
3716	24	5	3	Pan3
3717	24	6	3	Pan3
3718	24	7	3	Pan3
3719	24	8	3	Pan3
3720	24	9	3	Pan3
3721	24	10	3	Pan3
3722	24	11	3	Pan3
3723	24	12	3	Pan3
3724	24	13	3	Pan3
3725	24	14	3	Pan3
3726	24	15	3	Pan3
3727	24	16	3	Pan3
3728	24	1	4	Pan3
3729	24	2	4	Pan3
3730	24	3	4	Pan3
3731	24	4	4	Pan3
3732	24	5	4	Pan3
3733	24	6	4	Pan3
3734	24	7	4	Pan3
3735	24	8	4	Pan3
3736	24	9	4	Pan3
3737	24	10	4	Pan3
3738	24	11	4	Pan3
3739	24	12	4	Pan3
3740	24	13	4	Pan3
3741	24	14	4	Pan3
3742	24	15	4	Pan3
3743	24	16	4	Pan3
3744	24	1	5	Pan3
3745	24	2	5	Pan3
3746	24	3	5	Pan3
3747	24	4	5	Pan3
3748	24	5	5	Pan3
3749	24	6	5	Pan3
3750	24	7	5	Pan3
3751	24	8	5	Pan3
3752	24	9	5	Pan3
3753	24	10	5	Pan3
3754	24	11	5	Pan3
3755	24	12	5	Pan3
3756	24	13	5	Pan3
3757	24	14	5	Pan3
3758	24	15	5	Pan3
3759	24	16	5	Pan3
3760	24	1	6	Pan3
3761	24	2	6	Pan3
3762	24	3	6	Pan3
3763	24	4	6	Pan3
3764	24	5	6	Pan3
3765	24	6	6	Pan3
3766	24	7	6	Pan3
3767	24	8	6	Pan3
3768	24	9	6	Pan3
3769	24	10	6	Pan3
3770	24	11	6	Pan3
3771	24	12	6	Pan3
3772	24	13	6	Pan3
3773	24	14	6	Pan3
3774	24	15	6	Pan3
3775	24	16	6	Pan3
3776	24	1	7	Pan3
3777	24	2	7	Pan3
3778	24	3	7	Pan3
3779	24	4	7	Pan3
3780	24	5	7	Pan3
3781	24	6	7	Pan3
3782	24	7	7	Pan3
3783	24	8	7	Pan3
3784	24	9	7	Pan3
3785	24	10	7	Pan3
3786	24	11	7	Pan3
3787	24	12	7	Pan3
3788	24	13	7	Pan3
3789	24	14	7	Pan3
3790	24	15	7	Pan3
3791	24	16	7	Pan3
3792	24	1	8	Pan3
3793	24	2	8	Pan3
3794	24	3	8	Pan3
3795	24	4	8	Pan3
3796	24	5	8	Pan3
3797	24	6	8	Pan3
3798	24	7	8	Pan3
3799	24	8	8	Pan3
3800	24	9	8	Pan3
3801	24	10	8	Pan3
3802	24	11	8	Pan3
3803	24	12	8	Pan3
3804	24	13	8	Pan3
3805	24	14	8	Pan3
3806	24	15	8	Pan3
3807	24	16	8	Pan3
3808	24	1	9	Pan3
3809	24	2	9	Pan3
3810	24	3	9	Pan3
3811	24	4	9	Pan3
3812	24	5	9	Pan3
3813	24	6	9	Pan3
3814	24	7	9	Pan3
3815	24	8	9	Pan3
3816	24	9	9	Pan3
3817	24	10	9	Pan3
3818	24	11	9	Pan3
3819	24	12	9	Pan3
3820	24	13	9	Pan3
3821	24	14	9	Pan3
3822	24	15	9	Pan3
3823	24	16	9	Pan3
3824	24	1	10	Pan3
3825	24	2	10	Pan3
3826	24	3	10	Pan3
3827	24	4	10	Pan3
3828	24	5	10	Pan3
3829	24	6	10	Pan3
3830	24	7	10	Pan3
3831	24	8	10	Pan3
3832	24	9	10	Pan3
3833	24	10	10	Pan3
3834	24	11	10	Pan3
3835	24	12	10	Pan3
3836	24	13	10	Pan3
3837	24	14	10	Pan3
3838	24	15	10	Pan3
3839	24	16	10	Pan3
3840	25	1	1	Pan3
3841	25	2	1	Pan3
3842	25	3	1	Pan3
3843	25	4	1	Pan3
3844	25	5	1	Pan3
3845	25	6	1	Pan3
3846	25	7	1	Pan3
3847	25	8	1	Pan3
3848	25	9	1	Pan3
3849	25	10	1	Pan3
3850	25	11	1	Pan3
3851	25	12	1	Pan3
3852	25	13	1	Pan3
3853	25	14	1	Pan3
3854	25	15	1	Pan3
3855	25	16	1	Pan3
3856	25	1	2	Pan3
3857	25	2	2	Pan3
3858	25	3	2	Pan3
3859	25	4	2	Pan3
3860	25	5	2	Pan3
3861	25	6	2	Pan3
3862	25	7	2	Pan3
3863	25	8	2	Pan3
3864	25	9	2	Pan3
3865	25	10	2	Pan3
3866	25	11	2	Pan3
3867	25	12	2	Pan3
3868	25	13	2	Pan3
3869	25	14	2	Pan3
3870	25	15	2	Pan3
3871	25	16	2	Pan3
3872	25	1	3	Pan3
3873	25	2	3	Pan3
3874	25	3	3	Pan3
3875	25	4	3	Pan3
3876	25	5	3	Pan3
3877	25	6	3	Pan3
3878	25	7	3	Pan3
3879	25	8	3	Pan3
3880	25	9	3	Pan3
3881	25	10	3	Pan3
3882	25	11	3	Pan3
3883	25	12	3	Pan3
3884	25	13	3	Pan3
3885	25	14	3	Pan3
3886	25	15	3	Pan3
3887	25	16	3	Pan3
3888	25	1	4	Pan3
3889	25	2	4	Pan3
3890	25	3	4	Pan3
3891	25	4	4	Pan3
3892	25	5	4	Pan3
3893	25	6	4	Pan3
3894	25	7	4	Pan3
3895	25	8	4	Pan3
3896	25	9	4	Pan3
3897	25	10	4	Pan3
3898	25	11	4	Pan3
3899	25	12	4	Pan3
3900	25	13	4	Pan3
3901	25	14	4	Pan3
3902	25	15	4	Pan3
3903	25	16	4	Pan3
3904	25	1	5	Pan3
3905	25	2	5	Pan3
3906	25	3	5	Pan3
3907	25	4	5	Pan3
3908	25	5	5	Pan3
3909	25	6	5	Pan3
3910	25	7	5	Pan3
3911	25	8	5	Pan3
3912	25	9	5	Pan3
3913	25	10	5	Pan3
3914	25	11	5	Pan3
3915	25	12	5	Pan3
3916	25	13	5	Pan3
3917	25	14	5	Pan3
3918	25	15	5	Pan3
3919	25	16	5	Pan3
3920	25	1	6	Pan3
3921	25	2	6	Pan3
3922	25	3	6	Pan3
3923	25	4	6	Pan3
3924	25	5	6	Pan3
3925	25	6	6	Pan3
3926	25	7	6	Pan3
3927	25	8	6	Pan3
3928	25	9	6	Pan3
3929	25	10	6	Pan3
3930	25	11	6	Pan3
3931	25	12	6	Pan3
3932	25	13	6	Pan3
3933	25	14	6	Pan3
3934	25	15	6	Pan3
3935	25	16	6	Pan3
3936	25	1	7	Pan3
3937	25	2	7	Pan3
3938	25	3	7	Pan3
3939	25	4	7	Pan3
3940	25	5	7	Pan3
3941	25	6	7	Pan3
3942	25	7	7	Pan3
3943	25	8	7	Pan3
3944	25	9	7	Pan3
3945	25	10	7	Pan3
3946	25	11	7	Pan3
3947	25	12	7	Pan3
3948	25	13	7	Pan3
3949	25	14	7	Pan3
3950	25	15	7	Pan3
3951	25	16	7	Pan3
3952	25	1	8	Pan3
3953	25	2	8	Pan3
3954	25	3	8	Pan3
3955	25	4	8	Pan3
3956	25	5	8	Pan3
3957	25	6	8	Pan3
3958	25	7	8	Pan3
3959	25	8	8	Pan3
3960	25	9	8	Pan3
3961	25	10	8	Pan3
3962	25	11	8	Pan3
3963	25	12	8	Pan3
3964	25	13	8	Pan3
3965	25	14	8	Pan3
3966	25	15	8	Pan3
3967	25	16	8	Pan3
3968	25	1	9	Pan3
3969	25	2	9	Pan3
3970	25	3	9	Pan3
3971	25	4	9	Pan3
3972	25	5	9	Pan3
3973	25	6	9	Pan3
3974	25	7	9	Pan3
3975	25	8	9	Pan3
3976	25	9	9	Pan3
3977	25	10	9	Pan3
3978	25	11	9	Pan3
3979	25	12	9	Pan3
3980	25	13	9	Pan3
3981	25	14	9	Pan3
3982	25	15	9	Pan3
3983	25	16	9	Pan3
3984	25	1	10	Pan3
3985	25	2	10	Pan3
3986	25	3	10	Pan3
3987	25	4	10	Pan3
3988	25	5	10	Pan3
3989	25	6	10	Pan3
3990	25	7	10	Pan3
3991	25	8	10	Pan3
3992	25	9	10	Pan3
3993	25	10	10	Pan3
3994	25	11	10	Pan3
3995	25	12	10	Pan3
3996	25	13	10	Pan3
3997	25	14	10	Pan3
3998	25	15	10	Pan3
3999	25	16	10	Pan3
4000	26	1	1	Pan3
4001	26	2	1	Pan3
4002	26	3	1	Pan3
4003	26	4	1	Pan3
4004	26	5	1	Pan3
4005	26	6	1	Pan3
4006	26	7	1	Pan3
4007	26	8	1	Pan3
4008	26	9	1	Pan3
4009	26	10	1	Pan3
4010	26	11	1	Pan3
4011	26	12	1	Pan3
4012	26	13	1	Pan3
4013	26	14	1	Pan3
4014	26	15	1	Pan3
4015	26	16	1	Pan3
4016	26	1	2	Pan3
4017	26	2	2	Pan3
4018	26	3	2	Pan3
4019	26	4	2	Pan3
4020	26	5	2	Pan3
4021	26	6	2	Pan3
4022	26	7	2	Pan3
4023	26	8	2	Pan3
4024	26	9	2	Pan3
4025	26	10	2	Pan3
4026	26	11	2	Pan3
4027	26	12	2	Pan3
4028	26	13	2	Pan3
4029	26	14	2	Pan3
4030	26	15	2	Pan3
4031	26	16	2	Pan3
4032	26	1	3	Pan3
4033	26	2	3	Pan3
4034	26	3	3	Pan3
4035	26	4	3	Pan3
4036	26	5	3	Pan3
4037	26	6	3	Pan3
4038	26	7	3	Pan3
4039	26	8	3	Pan3
4040	26	9	3	Pan3
4041	26	10	3	Pan3
4042	26	11	3	Pan3
4043	26	12	3	Pan3
4044	26	13	3	Pan3
4045	26	14	3	Pan3
4046	26	15	3	Pan3
4047	26	16	3	Pan3
4048	26	1	4	Pan3
4049	26	2	4	Pan3
4050	26	3	4	Pan3
4051	26	4	4	Pan3
4052	26	5	4	Pan3
4053	26	6	4	Pan3
4054	26	7	4	Pan3
4055	26	8	4	Pan3
4056	26	9	4	Pan3
4057	26	10	4	Pan3
4058	26	11	4	Pan3
4059	26	12	4	Pan3
4060	26	13	4	Pan3
4061	26	14	4	Pan3
4062	26	15	4	Pan3
4063	26	16	4	Pan3
4064	26	1	5	Pan3
4065	26	2	5	Pan3
4066	26	3	5	Pan3
4067	26	4	5	Pan3
4068	26	5	5	Pan3
4069	26	6	5	Pan3
4070	26	7	5	Pan3
4071	26	8	5	Pan3
4072	26	9	5	Pan3
4073	26	10	5	Pan3
4074	26	11	5	Pan3
4075	26	12	5	Pan3
4076	26	13	5	Pan3
4077	26	14	5	Pan3
4078	26	15	5	Pan3
4079	26	16	5	Pan3
4080	26	1	6	Pan3
4081	26	2	6	Pan3
4082	26	3	6	Pan3
4083	26	4	6	Pan3
4084	26	5	6	Pan3
4085	26	6	6	Pan3
4086	26	7	6	Pan3
4087	26	8	6	Pan3
4088	26	9	6	Pan3
4089	26	10	6	Pan3
4090	26	11	6	Pan3
4091	26	12	6	Pan3
4092	26	13	6	Pan3
4093	26	14	6	Pan3
4094	26	15	6	Pan3
4095	26	16	6	Pan3
4096	26	1	7	Pan3
4097	26	2	7	Pan3
4098	26	3	7	Pan3
4099	26	4	7	Pan3
4100	26	5	7	Pan3
4101	26	6	7	Pan3
4102	26	7	7	Pan3
4103	26	8	7	Pan3
4104	26	9	7	Pan3
4105	26	10	7	Pan3
4106	26	11	7	Pan3
4107	26	12	7	Pan3
4108	26	13	7	Pan3
4109	26	14	7	Pan3
4110	26	15	7	Pan3
4111	26	16	7	Pan3
4112	26	1	8	Pan3
4113	26	2	8	Pan3
4114	26	3	8	Pan3
4115	26	4	8	Pan3
4116	26	5	8	Pan3
4117	26	6	8	Pan3
4118	26	7	8	Pan3
4119	26	8	8	Pan3
4120	26	9	8	Pan3
4121	26	10	8	Pan3
4122	26	11	8	Pan3
4123	26	12	8	Pan3
4124	26	13	8	Pan3
4125	26	14	8	Pan3
4126	26	15	8	Pan3
4127	26	16	8	Pan3
4128	26	1	9	Pan3
4129	26	2	9	Pan3
4130	26	3	9	Pan3
4131	26	4	9	Pan3
4132	26	5	9	Pan3
4133	26	6	9	Pan3
4134	26	7	9	Pan3
4135	26	8	9	Pan3
4136	26	9	9	Pan3
4137	26	10	9	Pan3
4138	26	11	9	Pan3
4139	26	12	9	Pan3
4140	26	13	9	Pan3
4141	26	14	9	Pan3
4142	26	15	9	Pan3
4143	26	16	9	Pan3
4144	26	1	10	Pan3
4145	26	2	10	Pan3
4146	26	3	10	Pan3
4147	26	4	10	Pan3
4148	26	5	10	Pan3
4149	26	6	10	Pan3
4150	26	7	10	Pan3
4151	26	8	10	Pan3
4152	26	9	10	Pan3
4153	26	10	10	Pan3
4154	26	11	10	Pan3
4155	26	12	10	Pan3
4156	26	13	10	Pan3
4157	26	14	10	Pan3
4158	26	15	10	Pan3
4159	26	16	10	Pan3
4160	27	1	1	Pan3
4161	27	2	1	Pan3
4162	27	3	1	Pan3
4163	27	4	1	Pan3
4164	27	5	1	Pan3
4165	27	6	1	Pan3
4166	27	7	1	Pan3
4167	27	8	1	Pan3
4168	27	9	1	Pan3
4169	27	10	1	Pan3
4170	27	11	1	Pan3
4171	27	12	1	Pan3
4172	27	13	1	Pan3
4173	27	14	1	Pan3
4174	27	15	1	Pan3
4175	27	16	1	Pan3
4176	27	1	2	Pan3
4177	27	2	2	Pan3
4178	27	3	2	Pan3
4179	27	4	2	Pan3
4180	27	5	2	Pan3
4181	27	6	2	Pan3
4182	27	7	2	Pan3
4183	27	8	2	Pan3
4184	27	9	2	Pan3
4185	27	10	2	Pan3
4186	27	11	2	Pan3
4187	27	12	2	Pan3
4188	27	13	2	Pan3
4189	27	14	2	Pan3
4190	27	15	2	Pan3
4191	27	16	2	Pan3
4192	27	1	3	Pan3
4193	27	2	3	Pan3
4194	27	3	3	Pan3
4195	27	4	3	Pan3
4196	27	5	3	Pan3
4197	27	6	3	Pan3
4198	27	7	3	Pan3
4199	27	8	3	Pan3
4200	27	9	3	Pan3
4201	27	10	3	Pan3
4202	27	11	3	Pan3
4203	27	12	3	Pan3
4204	27	13	3	Pan3
4205	27	14	3	Pan3
4206	27	15	3	Pan3
4207	27	16	3	Pan3
4208	27	1	4	Pan3
4209	27	2	4	Pan3
4210	27	3	4	Pan3
4211	27	4	4	Pan3
4212	27	5	4	Pan3
4213	27	6	4	Pan3
4214	27	7	4	Pan3
4215	27	8	4	Pan3
4216	27	9	4	Pan3
4217	27	10	4	Pan3
4218	27	11	4	Pan3
4219	27	12	4	Pan3
4220	27	13	4	Pan3
4221	27	14	4	Pan3
4222	27	15	4	Pan3
4223	27	16	4	Pan3
4224	27	1	5	Pan3
4225	27	2	5	Pan3
4226	27	3	5	Pan3
4227	27	4	5	Pan3
4228	27	5	5	Pan3
4229	27	6	5	Pan3
4230	27	7	5	Pan3
4231	27	8	5	Pan3
4232	27	9	5	Pan3
4233	27	10	5	Pan3
4234	27	11	5	Pan3
4235	27	12	5	Pan3
4236	27	13	5	Pan3
4237	27	14	5	Pan3
4238	27	15	5	Pan3
4239	27	16	5	Pan3
4240	27	1	6	Pan3
4241	27	2	6	Pan3
4242	27	3	6	Pan3
4243	27	4	6	Pan3
4244	27	5	6	Pan3
4245	27	6	6	Pan3
4246	27	7	6	Pan3
4247	27	8	6	Pan3
4248	27	9	6	Pan3
4249	27	10	6	Pan3
4250	27	11	6	Pan3
4251	27	12	6	Pan3
4252	27	13	6	Pan3
4253	27	14	6	Pan3
4254	27	15	6	Pan3
4255	27	16	6	Pan3
4256	27	1	7	Pan3
4257	27	2	7	Pan3
4258	27	3	7	Pan3
4259	27	4	7	Pan3
4260	27	5	7	Pan3
4261	27	6	7	Pan3
4262	27	7	7	Pan3
4263	27	8	7	Pan3
4264	27	9	7	Pan3
4265	27	10	7	Pan3
4266	27	11	7	Pan3
4267	27	12	7	Pan3
4268	27	13	7	Pan3
4269	27	14	7	Pan3
4270	27	15	7	Pan3
4271	27	16	7	Pan3
4272	27	1	8	Pan3
4273	27	2	8	Pan3
4274	27	3	8	Pan3
4275	27	4	8	Pan3
4276	27	5	8	Pan3
4277	27	6	8	Pan3
4278	27	7	8	Pan3
4279	27	8	8	Pan3
4280	27	9	8	Pan3
4281	27	10	8	Pan3
4282	27	11	8	Pan3
4283	27	12	8	Pan3
4284	27	13	8	Pan3
4285	27	14	8	Pan3
4286	27	15	8	Pan3
4287	27	16	8	Pan3
4288	27	1	9	Pan3
4289	27	2	9	Pan3
4290	27	3	9	Pan3
4291	27	4	9	Pan3
4292	27	5	9	Pan3
4293	27	6	9	Pan3
4294	27	7	9	Pan3
4295	27	8	9	Pan3
4296	27	9	9	Pan3
4297	27	10	9	Pan3
4298	27	11	9	Pan3
4299	27	12	9	Pan3
4300	27	13	9	Pan3
4301	27	14	9	Pan3
4302	27	15	9	Pan3
4303	27	16	9	Pan3
4304	27	1	10	Pan3
4305	27	2	10	Pan3
4306	27	3	10	Pan3
4307	27	4	10	Pan3
4308	27	5	10	Pan3
4309	27	6	10	Pan3
4310	27	7	10	Pan3
4311	27	8	10	Pan3
4312	27	9	10	Pan3
4313	27	10	10	Pan3
4314	27	11	10	Pan3
4315	27	12	10	Pan3
4316	27	13	10	Pan3
4317	27	14	10	Pan3
4318	27	15	10	Pan3
4319	27	16	10	Pan3
4320	28	1	1	Pan3
4321	28	2	1	Pan3
4322	28	3	1	Pan3
4323	28	4	1	Pan3
4324	28	5	1	Pan3
4325	28	6	1	Pan3
4326	28	7	1	Pan3
4327	28	8	1	Pan3
4328	28	9	1	Pan3
4329	28	10	1	Pan3
4330	28	11	1	Pan3
4331	28	12	1	Pan3
4332	28	13	1	Pan3
4333	28	14	1	Pan3
4334	28	15	1	Pan3
4335	28	16	1	Pan3
4336	28	1	2	Pan3
4337	28	2	2	Pan3
4338	28	3	2	Pan3
4339	28	4	2	Pan3
4340	28	5	2	Pan3
4341	28	6	2	Pan3
4342	28	7	2	Pan3
4343	28	8	2	Pan3
4344	28	9	2	Pan3
4345	28	10	2	Pan3
4346	28	11	2	Pan3
4347	28	12	2	Pan3
4348	28	13	2	Pan3
4349	28	14	2	Pan3
4350	28	15	2	Pan3
4351	28	16	2	Pan3
4352	28	1	3	Pan3
4353	28	2	3	Pan3
4354	28	3	3	Pan3
4355	28	4	3	Pan3
4356	28	5	3	Pan3
4357	28	6	3	Pan3
4358	28	7	3	Pan3
4359	28	8	3	Pan3
4360	28	9	3	Pan3
4361	28	10	3	Pan3
4362	28	11	3	Pan3
4363	28	12	3	Pan3
4364	28	13	3	Pan3
4365	28	14	3	Pan3
4366	28	15	3	Pan3
4367	28	16	3	Pan3
4368	28	1	4	Pan3
4369	28	2	4	Pan3
4370	28	3	4	Pan3
4371	28	4	4	Pan3
4372	28	5	4	Pan3
4373	28	6	4	Pan3
4374	28	7	4	Pan3
4375	28	8	4	Pan3
4376	28	9	4	Pan3
4377	28	10	4	Pan3
4378	28	11	4	Pan3
4379	28	12	4	Pan3
4380	28	13	4	Pan3
4381	28	14	4	Pan3
4382	28	15	4	Pan3
4383	28	16	4	Pan3
4384	28	1	5	Pan3
4385	28	2	5	Pan3
4386	28	3	5	Pan3
4387	28	4	5	Pan3
4388	28	5	5	Pan3
4389	28	6	5	Pan3
4390	28	7	5	Pan3
4391	28	8	5	Pan3
4392	28	9	5	Pan3
4393	28	10	5	Pan3
4394	28	11	5	Pan3
4395	28	12	5	Pan3
4396	28	13	5	Pan3
4397	28	14	5	Pan3
4398	28	15	5	Pan3
4399	28	16	5	Pan3
4400	28	1	6	Pan3
4401	28	2	6	Pan3
4402	28	3	6	Pan3
4403	28	4	6	Pan3
4404	28	5	6	Pan3
4405	28	6	6	Pan3
4406	28	7	6	Pan3
4407	28	8	6	Pan3
4408	28	9	6	Pan3
4409	28	10	6	Pan3
4410	28	11	6	Pan3
4411	28	12	6	Pan3
4412	28	13	6	Pan3
4413	28	14	6	Pan3
4414	28	15	6	Pan3
4415	28	16	6	Pan3
4416	28	1	7	Pan3
4417	28	2	7	Pan3
4418	28	3	7	Pan3
4419	28	4	7	Pan3
4420	28	5	7	Pan3
4421	28	6	7	Pan3
4422	28	7	7	Pan3
4423	28	8	7	Pan3
4424	28	9	7	Pan3
4425	28	10	7	Pan3
4426	28	11	7	Pan3
4427	28	12	7	Pan3
4428	28	13	7	Pan3
4429	28	14	7	Pan3
4430	28	15	7	Pan3
4431	28	16	7	Pan3
4432	28	1	8	Pan3
4433	28	2	8	Pan3
4434	28	3	8	Pan3
4435	28	4	8	Pan3
4436	28	5	8	Pan3
4437	28	6	8	Pan3
4438	28	7	8	Pan3
4439	28	8	8	Pan3
4440	28	9	8	Pan3
4441	28	10	8	Pan3
4442	28	11	8	Pan3
4443	28	12	8	Pan3
4444	28	13	8	Pan3
4445	28	14	8	Pan3
4446	28	15	8	Pan3
4447	28	16	8	Pan3
4448	28	1	9	Pan3
4449	28	2	9	Pan3
4450	28	3	9	Pan3
4451	28	4	9	Pan3
4452	28	5	9	Pan3
4453	28	6	9	Pan3
4454	28	7	9	Pan3
4455	28	8	9	Pan3
4456	28	9	9	Pan3
4457	28	10	9	Pan3
4458	28	11	9	Pan3
4459	28	12	9	Pan3
4460	28	13	9	Pan3
4461	28	14	9	Pan3
4462	28	15	9	Pan3
4463	28	16	9	Pan3
4464	28	1	10	Pan3
4465	28	2	10	Pan3
4466	28	3	10	Pan3
4467	28	4	10	Pan3
4468	28	5	10	Pan3
4469	28	6	10	Pan3
4470	28	7	10	Pan3
4471	28	8	10	Pan3
4472	28	9	10	Pan3
4473	28	10	10	Pan3
4474	28	11	10	Pan3
4475	28	12	10	Pan3
4476	28	13	10	Pan3
4477	28	14	10	Pan3
4478	28	15	10	Pan3
4479	28	16	10	Pan3
4480	29	1	1	Pan3
4481	29	2	1	Pan3
4482	29	3	1	Pan3
4483	29	4	1	Pan3
4484	29	5	1	Pan3
4485	29	6	1	Pan3
4486	29	7	1	Pan3
4487	29	8	1	Pan3
4488	29	9	1	Pan3
4489	29	10	1	Pan3
4490	29	11	1	Pan3
4491	29	12	1	Pan3
4492	29	13	1	Pan3
4493	29	14	1	Pan3
4494	29	15	1	Pan3
4495	29	16	1	Pan3
4496	29	1	2	Pan3
4497	29	2	2	Pan3
4498	29	3	2	Pan3
4499	29	4	2	Pan3
4500	29	5	2	Pan3
4501	29	6	2	Pan3
4502	29	7	2	Pan3
4503	29	8	2	Pan3
4504	29	9	2	Pan3
4505	29	10	2	Pan3
4506	29	11	2	Pan3
4507	29	12	2	Pan3
4508	29	13	2	Pan3
4509	29	14	2	Pan3
4510	29	15	2	Pan3
4511	29	16	2	Pan3
4512	29	1	3	Pan3
4513	29	2	3	Pan3
4514	29	3	3	Pan3
4515	29	4	3	Pan3
4516	29	5	3	Pan3
4517	29	6	3	Pan3
4518	29	7	3	Pan3
4519	29	8	3	Pan3
4520	29	9	3	Pan3
4521	29	10	3	Pan3
4522	29	11	3	Pan3
4523	29	12	3	Pan3
4524	29	13	3	Pan3
4525	29	14	3	Pan3
4526	29	15	3	Pan3
4527	29	16	3	Pan3
4528	29	1	4	Pan3
4529	29	2	4	Pan3
4530	29	3	4	Pan3
4531	29	4	4	Pan3
4532	29	5	4	Pan3
4533	29	6	4	Pan3
4534	29	7	4	Pan3
4535	29	8	4	Pan3
4536	29	9	4	Pan3
4537	29	10	4	Pan3
4538	29	11	4	Pan3
4539	29	12	4	Pan3
4540	29	13	4	Pan3
4541	29	14	4	Pan3
4542	29	15	4	Pan3
4543	29	16	4	Pan3
4544	29	1	5	Pan3
4545	29	2	5	Pan3
4546	29	3	5	Pan3
4547	29	4	5	Pan3
4548	29	5	5	Pan3
4549	29	6	5	Pan3
4550	29	7	5	Pan3
4551	29	8	5	Pan3
4552	29	9	5	Pan3
4553	29	10	5	Pan3
4554	29	11	5	Pan3
4555	29	12	5	Pan3
4556	29	13	5	Pan3
4557	29	14	5	Pan3
4558	29	15	5	Pan3
4559	29	16	5	Pan3
4560	29	1	6	Pan3
4561	29	2	6	Pan3
4562	29	3	6	Pan3
4563	29	4	6	Pan3
4564	29	5	6	Pan3
4565	29	6	6	Pan3
4566	29	7	6	Pan3
4567	29	8	6	Pan3
4568	29	9	6	Pan3
4569	29	10	6	Pan3
4570	29	11	6	Pan3
4571	29	12	6	Pan3
4572	29	13	6	Pan3
4573	29	14	6	Pan3
4574	29	15	6	Pan3
4575	29	16	6	Pan3
4576	29	1	7	Pan3
4577	29	2	7	Pan3
4578	29	3	7	Pan3
4579	29	4	7	Pan3
4580	29	5	7	Pan3
4581	29	6	7	Pan3
4582	29	7	7	Pan3
4583	29	8	7	Pan3
4584	29	9	7	Pan3
4585	29	10	7	Pan3
4586	29	11	7	Pan3
4587	29	12	7	Pan3
4588	29	13	7	Pan3
4589	29	14	7	Pan3
4590	29	15	7	Pan3
4591	29	16	7	Pan3
4592	29	1	8	Pan3
4593	29	2	8	Pan3
4594	29	3	8	Pan3
4595	29	4	8	Pan3
4596	29	5	8	Pan3
4597	29	6	8	Pan3
4598	29	7	8	Pan3
4599	29	8	8	Pan3
4600	29	9	8	Pan3
4601	29	10	8	Pan3
4602	29	11	8	Pan3
4603	29	12	8	Pan3
4604	29	13	8	Pan3
4605	29	14	8	Pan3
4606	29	15	8	Pan3
4607	29	16	8	Pan3
4608	29	1	9	Pan3
4609	29	2	9	Pan3
4610	29	3	9	Pan3
4611	29	4	9	Pan3
4612	29	5	9	Pan3
4613	29	6	9	Pan3
4614	29	7	9	Pan3
4615	29	8	9	Pan3
4616	29	9	9	Pan3
4617	29	10	9	Pan3
4618	29	11	9	Pan3
4619	29	12	9	Pan3
4620	29	13	9	Pan3
4621	29	14	9	Pan3
4622	29	15	9	Pan3
4623	29	16	9	Pan3
4624	29	1	10	Pan3
4625	29	2	10	Pan3
4626	29	3	10	Pan3
4627	29	4	10	Pan3
4628	29	5	10	Pan3
4629	29	6	10	Pan3
4630	29	7	10	Pan3
4631	29	8	10	Pan3
4632	29	9	10	Pan3
4633	29	10	10	Pan3
4634	29	11	10	Pan3
4635	29	12	10	Pan3
4636	29	13	10	Pan3
4637	29	14	10	Pan3
4638	29	15	10	Pan3
4639	29	16	10	Pan3
4640	30	1	1	Pan3
4641	30	2	1	Pan3
4642	30	3	1	Pan3
4643	30	4	1	Pan3
4644	30	5	1	Pan3
4645	30	6	1	Pan3
4646	30	7	1	Pan3
4647	30	8	1	Pan3
4648	30	9	1	Pan3
4649	30	10	1	Pan3
4650	30	11	1	Pan3
4651	30	12	1	Pan3
4652	30	13	1	Pan3
4653	30	14	1	Pan3
4654	30	15	1	Pan3
4655	30	16	1	Pan3
4656	30	1	2	Pan3
4657	30	2	2	Pan3
4658	30	3	2	Pan3
4659	30	4	2	Pan3
4660	30	5	2	Pan3
4661	30	6	2	Pan3
4662	30	7	2	Pan3
4663	30	8	2	Pan3
4664	30	9	2	Pan3
4665	30	10	2	Pan3
4666	30	11	2	Pan3
4667	30	12	2	Pan3
4668	30	13	2	Pan3
4669	30	14	2	Pan3
4670	30	15	2	Pan3
4671	30	16	2	Pan3
4672	30	1	3	Pan3
4673	30	2	3	Pan3
4674	30	3	3	Pan3
4675	30	4	3	Pan3
4676	30	5	3	Pan3
4677	30	6	3	Pan3
4678	30	7	3	Pan3
4679	30	8	3	Pan3
4680	30	9	3	Pan3
4681	30	10	3	Pan3
4682	30	11	3	Pan3
4683	30	12	3	Pan3
4684	30	13	3	Pan3
4685	30	14	3	Pan3
4686	30	15	3	Pan3
4687	30	16	3	Pan3
4688	30	1	4	Pan3
4689	30	2	4	Pan3
4690	30	3	4	Pan3
4691	30	4	4	Pan3
4692	30	5	4	Pan3
4693	30	6	4	Pan3
4694	30	7	4	Pan3
4695	30	8	4	Pan3
4696	30	9	4	Pan3
4697	30	10	4	Pan3
4698	30	11	4	Pan3
4699	30	12	4	Pan3
4700	30	13	4	Pan3
4701	30	14	4	Pan3
4702	30	15	4	Pan3
4703	30	16	4	Pan3
4704	30	1	5	Pan3
4705	30	2	5	Pan3
4706	30	3	5	Pan3
4707	30	4	5	Pan3
4708	30	5	5	Pan3
4709	30	6	5	Pan3
4710	30	7	5	Pan3
4711	30	8	5	Pan3
4712	30	9	5	Pan3
4713	30	10	5	Pan3
4714	30	11	5	Pan3
4715	30	12	5	Pan3
4716	30	13	5	Pan3
4717	30	14	5	Pan3
4718	30	15	5	Pan3
4719	30	16	5	Pan3
4720	30	1	6	Pan3
4721	30	2	6	Pan3
4722	30	3	6	Pan3
4723	30	4	6	Pan3
4724	30	5	6	Pan3
4725	30	6	6	Pan3
4726	30	7	6	Pan3
4727	30	8	6	Pan3
4728	30	9	6	Pan3
4729	30	10	6	Pan3
4730	30	11	6	Pan3
4731	30	12	6	Pan3
4732	30	13	6	Pan3
4733	30	14	6	Pan3
4734	30	15	6	Pan3
4735	30	16	6	Pan3
4736	30	1	7	Pan3
4737	30	2	7	Pan3
4738	30	3	7	Pan3
4739	30	4	7	Pan3
4740	30	5	7	Pan3
4741	30	6	7	Pan3
4742	30	7	7	Pan3
4743	30	8	7	Pan3
4744	30	9	7	Pan3
4745	30	10	7	Pan3
4746	30	11	7	Pan3
4747	30	12	7	Pan3
4748	30	13	7	Pan3
4749	30	14	7	Pan3
4750	30	15	7	Pan3
4751	30	16	7	Pan3
4752	30	1	8	Pan3
4753	30	2	8	Pan3
4754	30	3	8	Pan3
4755	30	4	8	Pan3
4756	30	5	8	Pan3
4757	30	6	8	Pan3
4758	30	7	8	Pan3
4759	30	8	8	Pan3
4760	30	9	8	Pan3
4761	30	10	8	Pan3
4762	30	11	8	Pan3
4763	30	12	8	Pan3
4764	30	13	8	Pan3
4765	30	14	8	Pan3
4766	30	15	8	Pan3
4767	30	16	8	Pan3
4768	30	1	9	Pan3
4769	30	2	9	Pan3
4770	30	3	9	Pan3
4771	30	4	9	Pan3
4772	30	5	9	Pan3
4773	30	6	9	Pan3
4774	30	7	9	Pan3
4775	30	8	9	Pan3
4776	30	9	9	Pan3
4777	30	10	9	Pan3
4778	30	11	9	Pan3
4779	30	12	9	Pan3
4780	30	13	9	Pan3
4781	30	14	9	Pan3
4782	30	15	9	Pan3
4783	30	16	9	Pan3
4784	30	1	10	Pan3
4785	30	2	10	Pan3
4786	30	3	10	Pan3
4787	30	4	10	Pan3
4788	30	5	10	Pan3
4789	30	6	10	Pan3
4790	30	7	10	Pan3
4791	30	8	10	Pan3
4792	30	9	10	Pan3
4793	30	10	10	Pan3
4794	30	11	10	Pan3
4795	30	12	10	Pan3
4796	30	13	10	Pan3
4797	30	14	10	Pan3
4798	30	15	10	Pan3
4799	30	16	10	Pan3
4800	31	1	1	Pan3
4801	31	2	1	Pan3
4802	31	3	1	Pan3
4803	31	4	1	Pan3
4804	31	5	1	Pan3
4805	31	6	1	Pan3
4806	31	7	1	Pan3
4807	31	8	1	Pan3
4808	31	9	1	Pan3
4809	31	10	1	Pan3
4810	31	11	1	Pan3
4811	31	12	1	Pan3
4812	31	13	1	Pan3
4813	31	14	1	Pan3
4814	31	15	1	Pan3
4815	31	16	1	Pan3
4816	31	1	2	Pan3
4817	31	2	2	Pan3
4818	31	3	2	Pan3
4819	31	4	2	Pan3
4820	31	5	2	Pan3
4821	31	6	2	Pan3
4822	31	7	2	Pan3
4823	31	8	2	Pan3
4824	31	9	2	Pan3
4825	31	10	2	Pan3
4826	31	11	2	Pan3
4827	31	12	2	Pan3
4828	31	13	2	Pan3
4829	31	14	2	Pan3
4830	31	15	2	Pan3
4831	31	16	2	Pan3
4832	31	1	3	Pan3
4833	31	2	3	Pan3
4834	31	3	3	Pan3
4835	31	4	3	Pan3
4836	31	5	3	Pan3
4837	31	6	3	Pan3
4838	31	7	3	Pan3
4839	31	8	3	Pan3
4840	31	9	3	Pan3
4841	31	10	3	Pan3
4842	31	11	3	Pan3
4843	31	12	3	Pan3
4844	31	13	3	Pan3
4845	31	14	3	Pan3
4846	31	15	3	Pan3
4847	31	16	3	Pan3
4848	31	1	4	Pan3
4849	31	2	4	Pan3
4850	31	3	4	Pan3
4851	31	4	4	Pan3
4852	31	5	4	Pan3
4853	31	6	4	Pan3
4854	31	7	4	Pan3
4855	31	8	4	Pan3
4856	31	9	4	Pan3
4857	31	10	4	Pan3
4858	31	11	4	Pan3
4859	31	12	4	Pan3
4860	31	13	4	Pan3
4861	31	14	4	Pan3
4862	31	15	4	Pan3
4863	31	16	4	Pan3
4864	31	1	5	Pan3
4865	31	2	5	Pan3
4866	31	3	5	Pan3
4867	31	4	5	Pan3
4868	31	5	5	Pan3
4869	31	6	5	Pan3
4870	31	7	5	Pan3
4871	31	8	5	Pan3
4872	31	9	5	Pan3
4873	31	10	5	Pan3
4874	31	11	5	Pan3
4875	31	12	5	Pan3
4876	31	13	5	Pan3
4877	31	14	5	Pan3
4878	31	15	5	Pan3
4879	31	16	5	Pan3
4880	31	1	6	Pan3
4881	31	2	6	Pan3
4882	31	3	6	Pan3
4883	31	4	6	Pan3
4884	31	5	6	Pan3
4885	31	6	6	Pan3
4886	31	7	6	Pan3
4887	31	8	6	Pan3
4888	31	9	6	Pan3
4889	31	10	6	Pan3
4890	31	11	6	Pan3
4891	31	12	6	Pan3
4892	31	13	6	Pan3
4893	31	14	6	Pan3
4894	31	15	6	Pan3
4895	31	16	6	Pan3
4896	31	1	7	Pan3
4897	31	2	7	Pan3
4898	31	3	7	Pan3
4899	31	4	7	Pan3
4900	31	5	7	Pan3
4901	31	6	7	Pan3
4902	31	7	7	Pan3
4903	31	8	7	Pan3
4904	31	9	7	Pan3
4905	31	10	7	Pan3
4906	31	11	7	Pan3
4907	31	12	7	Pan3
4908	31	13	7	Pan3
4909	31	14	7	Pan3
4910	31	15	7	Pan3
4911	31	16	7	Pan3
4912	31	1	8	Pan3
4913	31	2	8	Pan3
4914	31	3	8	Pan3
4915	31	4	8	Pan3
4916	31	5	8	Pan3
4917	31	6	8	Pan3
4918	31	7	8	Pan3
4919	31	8	8	Pan3
4920	31	9	8	Pan3
4921	31	10	8	Pan3
4922	31	11	8	Pan3
4923	31	12	8	Pan3
4924	31	13	8	Pan3
4925	31	14	8	Pan3
4926	31	15	8	Pan3
4927	31	16	8	Pan3
4928	31	1	9	Pan3
4929	31	2	9	Pan3
4930	31	3	9	Pan3
4931	31	4	9	Pan3
4932	31	5	9	Pan3
4933	31	6	9	Pan3
4934	31	7	9	Pan3
4935	31	8	9	Pan3
4936	31	9	9	Pan3
4937	31	10	9	Pan3
4938	31	11	9	Pan3
4939	31	12	9	Pan3
4940	31	13	9	Pan3
4941	31	14	9	Pan3
4942	31	15	9	Pan3
4943	31	16	9	Pan3
4944	31	1	10	Pan3
4945	31	2	10	Pan3
4946	31	3	10	Pan3
4947	31	4	10	Pan3
4948	31	5	10	Pan3
4949	31	6	10	Pan3
4950	31	7	10	Pan3
4951	31	8	10	Pan3
4952	31	9	10	Pan3
4953	31	10	10	Pan3
4954	31	11	10	Pan3
4955	31	12	10	Pan3
4956	31	13	10	Pan3
4957	31	14	10	Pan3
4958	31	15	10	Pan3
4959	31	16	10	Pan3
4960	32	1	1	Pan3
4961	32	2	1	Pan3
4962	32	3	1	Pan3
4963	32	4	1	Pan3
4964	32	5	1	Pan3
4965	32	6	1	Pan3
4966	32	7	1	Pan3
4967	32	8	1	Pan3
4968	32	9	1	Pan3
4969	32	10	1	Pan3
4970	32	11	1	Pan3
4971	32	12	1	Pan3
4972	32	13	1	Pan3
4973	32	14	1	Pan3
4974	32	15	1	Pan3
4975	32	16	1	Pan3
4976	32	1	2	Pan3
4977	32	2	2	Pan3
4978	32	3	2	Pan3
4979	32	4	2	Pan3
4980	32	5	2	Pan3
4981	32	6	2	Pan3
4982	32	7	2	Pan3
4983	32	8	2	Pan3
4984	32	9	2	Pan3
4985	32	10	2	Pan3
4986	32	11	2	Pan3
4987	32	12	2	Pan3
4988	32	13	2	Pan3
4989	32	14	2	Pan3
4990	32	15	2	Pan3
4991	32	16	2	Pan3
4992	32	1	3	Pan3
4993	32	2	3	Pan3
4994	32	3	3	Pan3
4995	32	4	3	Pan3
4996	32	5	3	Pan3
4997	32	6	3	Pan3
4998	32	7	3	Pan3
4999	32	8	3	Pan3
5000	32	9	3	Pan3
5001	32	10	3	Pan3
5002	32	11	3	Pan3
5003	32	12	3	Pan3
5004	32	13	3	Pan3
5005	32	14	3	Pan3
5006	32	15	3	Pan3
5007	32	16	3	Pan3
5008	32	1	4	Pan3
5009	32	2	4	Pan3
5010	32	3	4	Pan3
5011	32	4	4	Pan3
5012	32	5	4	Pan3
5013	32	6	4	Pan3
5014	32	7	4	Pan3
5015	32	8	4	Pan3
5016	32	9	4	Pan3
5017	32	10	4	Pan3
5018	32	11	4	Pan3
5019	32	12	4	Pan3
5020	32	13	4	Pan3
5021	32	14	4	Pan3
5022	32	15	4	Pan3
5023	32	16	4	Pan3
5024	32	1	5	Pan3
5025	32	2	5	Pan3
5026	32	3	5	Pan3
5027	32	4	5	Pan3
5028	32	5	5	Pan3
5029	32	6	5	Pan3
5030	32	7	5	Pan3
5031	32	8	5	Pan3
5032	32	9	5	Pan3
5033	32	10	5	Pan3
5034	32	11	5	Pan3
5035	32	12	5	Pan3
5036	32	13	5	Pan3
5037	32	14	5	Pan3
5038	32	15	5	Pan3
5039	32	16	5	Pan3
5040	32	1	6	Pan3
5041	32	2	6	Pan3
5042	32	3	6	Pan3
5043	32	4	6	Pan3
5044	32	5	6	Pan3
5045	32	6	6	Pan3
5046	32	7	6	Pan3
5047	32	8	6	Pan3
5048	32	9	6	Pan3
5049	32	10	6	Pan3
5050	32	11	6	Pan3
5051	32	12	6	Pan3
5052	32	13	6	Pan3
5053	32	14	6	Pan3
5054	32	15	6	Pan3
5055	32	16	6	Pan3
5056	32	1	7	Pan3
5057	32	2	7	Pan3
5058	32	3	7	Pan3
5059	32	4	7	Pan3
5060	32	5	7	Pan3
5061	32	6	7	Pan3
5062	32	7	7	Pan3
5063	32	8	7	Pan3
5064	32	9	7	Pan3
5065	32	10	7	Pan3
5066	32	11	7	Pan3
5067	32	12	7	Pan3
5068	32	13	7	Pan3
5069	32	14	7	Pan3
5070	32	15	7	Pan3
5071	32	16	7	Pan3
5072	32	1	8	Pan3
5073	32	2	8	Pan3
5074	32	3	8	Pan3
5075	32	4	8	Pan3
5076	32	5	8	Pan3
5077	32	6	8	Pan3
5078	32	7	8	Pan3
5079	32	8	8	Pan3
5080	32	9	8	Pan3
5081	32	10	8	Pan3
5082	32	11	8	Pan3
5083	32	12	8	Pan3
5084	32	13	8	Pan3
5085	32	14	8	Pan3
5086	32	15	8	Pan3
5087	32	16	8	Pan3
5088	32	1	9	Pan3
5089	32	2	9	Pan3
5090	32	3	9	Pan3
5091	32	4	9	Pan3
5092	32	5	9	Pan3
5093	32	6	9	Pan3
5094	32	7	9	Pan3
5095	32	8	9	Pan3
5096	32	9	9	Pan3
5097	32	10	9	Pan3
5098	32	11	9	Pan3
5099	32	12	9	Pan3
5100	32	13	9	Pan3
5101	32	14	9	Pan3
5102	32	15	9	Pan3
5103	32	16	9	Pan3
5104	32	1	10	Pan3
5105	32	2	10	Pan3
5106	32	3	10	Pan3
5107	32	4	10	Pan3
5108	32	5	10	Pan3
5109	32	6	10	Pan3
5110	32	7	10	Pan3
5111	32	8	10	Pan3
5112	32	9	10	Pan3
5113	32	10	10	Pan3
5114	32	11	10	Pan3
5115	32	12	10	Pan3
5116	32	13	10	Pan3
5117	32	14	10	Pan3
5118	32	15	10	Pan3
5119	32	16	10	Pan3
