ID	Block	Row	Column	Name
1	1	1	1	Pan_RKI_1
2	1	1	2	Pan_RKI_0.5
3	1	1	3	Pan_RKI_0.25
4	1	1	4	Pan_RKI_0.125
5	1	1	5	Pan_RKI_0.0625
6	1	1	6	Pan_RKI_0.03125
7	1	1	7	Pan_RKI_0.015625
8	1	1	8	Pan_RKI_0.0078125
9	1	1	9	Pan_RKI_0.00390625
10	1	1	10	Pan_RKI_0.001953125
11	1	1	11	Pan_RKI_0.0009765625
12	1	1	12	Pan_RKI_0.00048828125
13	1	2	1	Pan_RKI_1
14	1	2	2	Pan_RKI_0.5
15	1	2	3	Pan_RKI_0.25
16	1	2	4	Pan_RKI_0.125
17	1	2	5	Pan_RKI_0.0625
18	1	2	6	Pan_RKI_0.03125
19	1	2	7	Pan_RKI_0.015625
20	1	2	8	Pan_RKI_0.0078125
21	1	2	9	Pan_RKI_0.00390625
22	1	2	10	Pan_RKI_0.001953125
23	1	2	11	Pan_RKI_0.0009765625
24	1	2	12	Pan_RKI_0.00048828125
25	1	3	1	X31_RKI_1
26	1	3	2	X31_RKI_0.5
27	1	3	3	X31_RKI_0.25
28	1	3	4	X31_RKI_0.125
29	1	3	5	X31_RKI_0.0625
30	1	3	6	X31_RKI_0.03125
31	1	3	7	X31_RKI_0.015625
32	1	3	8	X31_RKI_0.0078125
33	1	3	9	X31_RKI_0.00390625
34	1	3	10	X31_RKI_0.001953125
35	1	3	11	X31_RKI_0.0009765625
36	1	3	12	X31_RKI_0.00048828125
37	1	4	1	X31_RKI_1
38	1	4	2	X31_RKI_0.5
39	1	4	3	X31_RKI_0.25
40	1	4	4	X31_RKI_0.125
41	1	4	5	X31_RKI_0.0625
42	1	4	6	X31_RKI_0.03125
43	1	4	7	X31_RKI_0.015625
44	1	4	8	X31_RKI_0.0078125
45	1	4	9	X31_RKI_0.00390625
46	1	4	10	X31_RKI_0.001953125
47	1	4	11	X31_RKI_0.0009765625
48	1	4	12	X31_RKI_0.00048828125
49	1	5	1	Call_RKI_1
50	1	5	2	Call_RKI_0.5
51	1	5	3	Call_RKI_0.25
52	1	5	4	Call_RKI_0.125
53	1	5	5	Call_RKI_0.0625
54	1	5	6	Call_RKI_0.03125
55	1	5	7	Call_RKI_0.015625
56	1	5	8	Call_RKI_0.0078125
57	1	5	9	Call_RKI_0.00390625
58	1	5	10	Call_RKI_0.001953125
59	1	5	11	Call_RKI_0.0009765625
60	1	5	12	Call_RKI_0.00048828125
61	1	6	1	Call_RKI_1
62	1	6	2	Call_RKI_0.5
63	1	6	3	Call_RKI_0.25
64	1	6	4	Call_RKI_0.125
65	1	6	5	Call_RKI_0.0625
66	1	6	6	Call_RKI_0.03125
67	1	6	7	Call_RKI_0.015625
68	1	6	8	Call_RKI_0.0078125
69	1	6	9	Call_RKI_0.00390625
70	1	6	10	Call_RKI_0.001953125
71	1	6	11	Call_RKI_0.0009765625
72	1	6	12	Call_RKI_0.00048828125
73	1	7	1	No
74	1	7	2	No
75	1	7	3	No
76	1	7	4	No
77	1	7	5	No
78	1	7	6	No
79	1	7	7	No
80	1	7	8	No
81	1	7	9	No
82	1	7	10	No
83	1	7	11	No
84	1	7	12	No
85	1	8	1	Buffer01
86	1	8	2	Buffer01
87	1	8	3	Buffer01
88	1	8	4	Buffer01
89	1	8	5	Buffer01
90	1	8	6	Buffer01
91	1	8	7	Buffer01
92	1	8	8	Buffer01
93	1	8	9	Buffer01
94	1	8	10	Buffer01
95	1	8	11	Buffer01
96	1	8	12	Buffer01
