ID	Block	Row	Column	Name
1	1	1	1	P1
2	1	1	2	P3
3	1	1	3	P4
4	1	1	4	P5
5	1	1	5	P6
6	1	1	6	P7
7	1	1	7	P8
8	1	1	8	P10
9	1	1	9	P13
10	1	2	1	P1
11	1	2	2	P3
12	1	2	3	P4
13	1	2	4	P5
14	1	2	5	P6
15	1	2	6	P7
16	1	2	7	P8
17	1	2	8	P10
18	1	2	9	P13
19	1	3	1	P1
20	1	3	2	P3
21	1	3	3	P4
22	1	3	4	P5
23	1	3	5	P6
24	1	3	6	P7
25	1	3	7	P8
26	1	3	8	P10
27	1	3	9	P13
28	1	4	1	P1
29	1	4	2	P3
30	1	4	3	P4
31	1	4	4	P5
32	1	4	5	P6
33	1	4	6	P7
34	1	4	7	P8
35	1	4	8	P10
36	1	4	9	P13
37	1	5	1	P1
38	1	5	2	P3
39	1	5	3	P4
40	1	5	4	P5
41	1	5	5	P6
42	1	5	6	P7
43	1	5	7	P8
44	1	5	8	P10
45	1	5	9	P13
46	1	6	1	P1
47	1	6	2	P3
48	1	6	3	P4
49	1	6	4	P5
50	1	6	5	P6
51	1	6	6	P7
52	1	6	7	P8
53	1	6	8	P10
54	1	6	9	P13
55	1	7	1	P1
56	1	7	2	P3
57	1	7	3	P4
58	1	7	4	P5
59	1	7	5	P6
60	1	7	6	P7
61	1	7	7	P8
62	1	7	8	P10
63	1	7	9	P13
64	1	8	1	P1
65	1	8	2	P3
66	1	8	3	P4
67	1	8	4	P5
68	1	8	5	P6
69	1	8	6	P7
70	1	8	7	P8
71	1	8	8	P10
72	1	8	9	P13
73	1	9	1	P1
74	1	9	2	P3
75	1	9	3	P4
76	1	9	4	P5
77	1	9	5	P6
78	1	9	6	P7
79	1	9	7	P8
80	1	9	8	P10
81	1	9	9	P13
82	1	10	1	P1
83	1	10	2	P3
84	1	10	3	P4
85	1	10	4	P5
86	1	10	5	P6
87	1	10	6	P7
88	1	10	7	P8
89	1	10	8	P10
90	1	10	9	P13
91	1	11	1	P1
92	1	11	2	P3
93	1	11	3	P4
94	1	11	4	P5
95	1	11	5	P6
96	1	11	6	P7
97	1	11	7	P8
98	1	11	8	P10
99	1	11	9	P13
100	1	12	1	P1
101	1	12	2	P3
102	1	12	3	P4
103	1	12	4	P5
104	1	12	5	P6
105	1	12	6	P7
106	1	12	7	P8
107	1	12	8	P10
108	1	12	9	P13
109	1	13	1	P1
110	1	13	2	P3
111	1	13	3	P4
112	1	13	4	P5
113	1	13	5	P6
114	1	13	6	P7
115	1	13	7	P8
116	1	13	8	P10
117	1	13	9	P13
118	1	14	1	P1
119	1	14	2	P3
120	1	14	3	P4
121	1	14	4	P5
122	1	14	5	P6
123	1	14	6	P7
124	1	14	7	P8
125	1	14	8	P10
126	1	14	9	P13
127	1	15	1	P1
128	1	15	2	P3
129	1	15	3	P4
130	1	15	4	P5
131	1	15	5	P6
132	1	15	6	P7
133	1	15	7	P8
134	1	15	8	P10
135	1	15	9	P13
136	1	16	1	P1
137	1	16	2	P3
138	1	16	3	P4
139	1	16	4	P5
140	1	16	5	P6
141	1	16	6	P7
142	1	16	7	P8
143	1	16	8	P10
144	1	16	9	P13
145	1	17	1	P1
146	1	17	2	P3
147	1	17	3	P4
148	1	17	4	P5
149	1	17	5	P6
150	1	17	6	P7
151	1	17	7	P8
152	1	17	8	P10
153	1	17	9	P13
154	1	18	1	P1
155	1	18	2	P3
156	1	18	3	P4
157	1	18	4	P5
158	1	18	5	P6
159	1	18	6	P7
160	1	18	7	P8
161	1	18	8	P10
162	1	18	9	P13
163	1	19	1	P1
164	1	19	2	P3
165	1	19	3	P4
166	1	19	4	P5
167	1	19	5	P6
168	1	19	6	P7
169	1	19	7	P8
170	1	19	8	P10
171	1	19	9	P13
172	1	20	1	P1
173	1	20	2	P3
174	1	20	3	P4
175	1	20	4	P5
176	1	20	5	P6
177	1	20	6	P7
178	1	20	7	P8
179	1	20	8	P10
180	1	20	9	P13
181	1	21	1	P1
182	1	21	2	P3
183	1	21	3	P4
184	1	21	4	P5
185	1	21	5	P6
186	1	21	6	P7
187	1	21	7	P8
188	1	21	8	P10
189	1	21	9	P13
190	1	22	1	P1
191	1	22	2	P3
192	1	22	3	P4
193	1	22	4	P5
194	1	22	5	P6
195	1	22	6	P7
196	1	22	7	P8
197	1	22	8	P10
198	1	22	9	P13
199	1	23	1	P1
200	1	23	2	P3
201	1	23	3	P4
202	1	23	4	P5
203	1	23	5	P6
204	1	23	6	P7
205	1	23	7	P8
206	1	23	8	P10
207	1	23	9	P13
208	1	24	1	P1
209	1	24	2	P3
210	1	24	3	P4
211	1	24	4	P5
212	1	24	5	P6
213	1	24	6	P7
214	1	24	7	P8
215	1	24	8	P10
216	1	24	9	P13
