ID	Block	Row	Column	Name
1	1	1	1	X31
2	1	1	2	X31
3	1	1	3	X31
4	1	1	4	X31
5	1	1	5	X31
6	1	1	6	X31
7	1	1	7	X31
8	1	1	8	X31
9	1	1	9	X31
10	1	1	10	X31
11	1	1	11	X31
12	1	1	12	X31
13	1	1	13	X31
14	1	1	14	X31
15	1	1	15	X31
16	1	2	1	X31
17	1	2	2	X31
18	1	2	3	X31
19	1	2	4	X31
20	1	2	5	X31
21	1	2	6	X31
22	1	2	7	X31
23	1	2	8	X31
24	1	2	9	X31
25	1	2	10	X31
26	1	2	11	X31
27	1	2	12	X31
28	1	2	13	X31
29	1	2	14	X31
30	1	2	15	X31
31	1	3	1	X31
32	1	3	2	X31
33	1	3	3	X31
34	1	3	4	X31
35	1	3	5	X31
36	1	3	6	X31
37	1	3	7	X31
38	1	3	8	X31
39	1	3	9	X31
40	1	3	10	X31
41	1	3	11	X31
42	1	3	12	X31
43	1	3	13	X31
44	1	3	14	X31
45	1	3	15	X31
46	1	4	1	X31
47	1	4	2	X31
48	1	4	3	X31
49	1	4	4	X31
50	1	4	5	X31
51	1	4	6	X31
52	1	4	7	X31
53	1	4	8	X31
54	1	4	9	X31
55	1	4	10	X31
56	1	4	11	X31
57	1	4	12	X31
58	1	4	13	X31
59	1	4	14	X31
60	1	4	15	X31
61	1	5	1	X31
62	1	5	2	X31
63	1	5	3	X31
64	1	5	4	X31
65	1	5	5	X31
66	1	5	6	X31
67	1	5	7	X31
68	1	5	8	X31
69	1	5	9	X31
70	1	5	10	X31
71	1	5	11	X31
72	1	5	12	X31
73	1	5	13	X31
74	1	5	14	X31
75	1	5	15	X31
76	1	6	1	X31
77	1	6	2	X31
78	1	6	3	X31
79	1	6	4	X31
80	1	6	5	X31
81	1	6	6	X31
82	1	6	7	X31
83	1	6	8	X31
84	1	6	9	X31
85	1	6	10	X31
86	1	6	11	X31
87	1	6	12	X31
88	1	6	13	X31
89	1	6	14	X31
90	1	6	15	X31
91	1	7	1	X31
92	1	7	2	X31
93	1	7	3	X31
94	1	7	4	X31
95	1	7	5	X31
96	1	7	6	X31
97	1	7	7	X31
98	1	7	8	X31
99	1	7	9	X31
100	1	7	10	X31
101	1	7	11	X31
102	1	7	12	X31
103	1	7	13	X31
104	1	7	14	X31
105	1	7	15	X31
106	1	8	1	X31
107	1	8	2	X31
108	1	8	3	X31
109	1	8	4	X31
110	1	8	5	X31
111	1	8	6	X31
112	1	8	7	X31
113	1	8	8	X31
114	1	8	9	X31
115	1	8	10	X31
116	1	8	11	X31
117	1	8	12	X31
118	1	8	13	X31
119	1	8	14	X31
120	1	8	15	X31
121	1	9	1	X31
122	1	9	2	X31
123	1	9	3	X31
124	1	9	4	X31
125	1	9	5	X31
126	1	9	6	X31
127	1	9	7	X31
128	1	9	8	X31
129	1	9	9	X31
130	1	9	10	X31
131	1	9	11	X31
132	1	9	12	X31
133	1	9	13	X31
134	1	9	14	X31
135	1	9	15	X31
136	1	10	1	X31
137	1	10	2	X31
138	1	10	3	X31
139	1	10	4	X31
140	1	10	5	X31
141	1	10	6	X31
142	1	10	7	X31
143	1	10	8	X31
144	1	10	9	X31
145	1	10	10	X31
146	1	10	11	X31
147	1	10	12	X31
148	1	10	13	X31
149	1	10	14	X31
150	1	10	15	X31
151	1	11	1	X31
152	1	11	2	X31
153	1	11	3	X31
154	1	11	4	X31
155	1	11	5	X31
156	1	11	6	X31
157	1	11	7	X31
158	1	11	8	X31
159	1	11	9	X31
160	1	11	10	X31
161	1	11	11	X31
162	1	11	12	X31
163	1	11	13	X31
164	1	11	14	X31
165	1	11	15	X31
166	1	12	1	X31
167	1	12	2	X31
168	1	12	3	X31
169	1	12	4	X31
170	1	12	5	X31
171	1	12	6	X31
172	1	12	7	X31
173	1	12	8	X31
174	1	12	9	X31
175	1	12	10	X31
176	1	12	11	X31
177	1	12	12	X31
178	1	12	13	X31
179	1	12	14	X31
180	1	12	15	X31
181	1	13	1	X31
182	1	13	2	X31
183	1	13	3	X31
184	1	13	4	X31
185	1	13	5	X31
186	1	13	6	X31
187	1	13	7	X31
188	1	13	8	X31
189	1	13	9	X31
190	1	13	10	X31
191	1	13	11	X31
192	1	13	12	X31
193	1	13	13	X31
194	1	13	14	X31
195	1	13	15	X31
196	1	14	1	X31
197	1	14	2	X31
198	1	14	3	X31
199	1	14	4	X31
200	1	14	5	X31
201	1	14	6	X31
202	1	14	7	X31
203	1	14	8	X31
204	1	14	9	X31
205	1	14	10	X31
206	1	14	11	X31
207	1	14	12	X31
208	1	14	13	X31
209	1	14	14	X31
210	1	14	15	X31
211	1	15	1	X31
212	1	15	2	X31
213	1	15	3	X31
214	1	15	4	X31
215	1	15	5	X31
216	1	15	6	X31
217	1	15	7	X31
218	1	15	8	X31
219	1	15	9	X31
220	1	15	10	X31
221	1	15	11	X31
222	1	15	12	X31
223	1	15	13	X31
224	1	15	14	X31
225	1	15	15	X31
226	1	16	1	X31
227	1	16	2	X31
228	1	16	3	X31
229	1	16	4	X31
230	1	16	5	X31
231	1	16	6	X31
232	1	16	7	X31
233	1	16	8	X31
234	1	16	9	X31
235	1	16	10	X31
236	1	16	11	X31
237	1	16	12	X31
238	1	16	13	X31
239	1	16	14	X31
240	1	16	15	X31
241	1	17	1	X31
242	1	17	2	X31
243	1	17	3	X31
244	1	17	4	X31
245	1	17	5	X31
246	1	17	6	X31
247	1	17	7	X31
248	1	17	8	X31
249	1	17	9	X31
250	1	17	10	X31
251	1	17	11	X31
252	1	17	12	X31
253	1	17	13	X31
254	1	17	14	X31
255	1	17	15	X31
256	1	18	1	X31
257	1	18	2	X31
258	1	18	3	X31
259	1	18	4	X31
260	1	18	5	X31
261	1	18	6	X31
262	1	18	7	X31
263	1	18	8	X31
264	1	18	9	X31
265	1	18	10	X31
266	1	18	11	X31
267	1	18	12	X31
268	1	18	13	X31
269	1	18	14	X31
270	1	18	15	X31
271	1	19	1	X31
272	1	19	2	X31
273	1	19	3	X31
274	1	19	4	X31
275	1	19	5	X31
276	1	19	6	X31
277	1	19	7	X31
278	1	19	8	X31
279	1	19	9	X31
280	1	19	10	X31
281	1	19	11	X31
282	1	19	12	X31
283	1	19	13	X31
284	1	19	14	X31
285	1	19	15	X31
286	1	20	1	X31
287	1	20	2	X31
288	1	20	3	X31
289	1	20	4	X31
290	1	20	5	X31
291	1	20	6	X31
292	1	20	7	X31
293	1	20	8	X31
294	1	20	9	X31
295	1	20	10	X31
296	1	20	11	X31
297	1	20	12	X31
298	1	20	13	X31
299	1	20	14	X31
300	1	20	15	X31
301	1	21	1	X31
302	1	21	2	X31
303	1	21	3	X31
304	1	21	4	X31
305	1	21	5	X31
306	1	21	6	X31
307	1	21	7	X31
308	1	21	8	X31
309	1	21	9	X31
310	1	21	10	X31
311	1	21	11	X31
312	1	21	12	X31
313	1	21	13	X31
314	1	21	14	X31
315	1	21	15	X31
316	1	22	1	X31
317	1	22	2	X31
318	1	22	3	X31
319	1	22	4	X31
320	1	22	5	X31
321	1	22	6	X31
322	1	22	7	X31
323	1	22	8	X31
324	1	22	9	X31
325	1	22	10	X31
326	1	22	11	X31
327	1	22	12	X31
328	1	22	13	X31
329	1	22	14	X31
330	1	22	15	X31
331	1	23	1	X31
332	1	23	2	X31
333	1	23	3	X31
334	1	23	4	X31
335	1	23	5	X31
336	1	23	6	X31
337	1	23	7	X31
338	1	23	8	X31
339	1	23	9	X31
340	1	23	10	X31
341	1	23	11	X31
342	1	23	12	X31
343	1	23	13	X31
344	1	23	14	X31
345	1	23	15	X31
346	1	24	1	X31
347	1	24	2	X31
348	1	24	3	X31
349	1	24	4	X31
350	1	24	5	X31
351	1	24	6	X31
352	1	24	7	X31
353	1	24	8	X31
354	1	24	9	X31
355	1	24	10	X31
356	1	24	11	X31
357	1	24	12	X31
358	1	24	13	X31
359	1	24	14	X31
360	1	24	15	X31
361	1	25	1	X31
362	1	25	2	X31
363	1	25	3	X31
364	1	25	4	X31
365	1	25	5	X31
366	1	25	6	X31
367	1	25	7	X31
368	1	25	8	X31
369	1	25	9	X31
370	1	25	10	X31
371	1	25	11	X31
372	1	25	12	X31
373	1	25	13	X31
374	1	25	14	X31
375	1	25	15	X31
376	1	26	1	X31
377	1	26	2	X31
378	1	26	3	X31
379	1	26	4	X31
380	1	26	5	X31
381	1	26	6	X31
382	1	26	7	X31
383	1	26	8	X31
384	1	26	9	X31
385	1	26	10	X31
386	1	26	11	X31
387	1	26	12	X31
388	1	26	13	X31
389	1	26	14	X31
390	1	26	15	X31
391	1	27	1	X31
392	1	27	2	X31
393	1	27	3	X31
394	1	27	4	X31
395	1	27	5	X31
396	1	27	6	X31
397	1	27	7	X31
398	1	27	8	X31
399	1	27	9	X31
400	1	27	10	X31
401	1	27	11	X31
402	1	27	12	X31
403	1	27	13	X31
404	1	27	14	X31
405	1	27	15	X31
406	1	28	1	X31
407	1	28	2	X31
408	1	28	3	X31
409	1	28	4	X31
410	1	28	5	X31
411	1	28	6	X31
412	1	28	7	X31
413	1	28	8	X31
414	1	28	9	X31
415	1	28	10	X31
416	1	28	11	X31
417	1	28	12	X31
418	1	28	13	X31
419	1	28	14	X31
420	1	28	15	X31
421	1	29	1	X31
422	1	29	2	X31
423	1	29	3	X31
424	1	29	4	X31
425	1	29	5	X31
426	1	29	6	X31
427	1	29	7	X31
428	1	29	8	X31
429	1	29	9	X31
430	1	29	10	X31
431	1	29	11	X31
432	1	29	12	X31
433	1	29	13	X31
434	1	29	14	X31
435	1	29	15	X31
436	1	30	1	X31
437	1	30	2	X31
438	1	30	3	X31
439	1	30	4	X31
440	1	30	5	X31
441	1	30	6	X31
442	1	30	7	X31
443	1	30	8	X31
444	1	30	9	X31
445	1	30	10	X31
446	1	30	11	X31
447	1	30	12	X31
448	1	30	13	X31
449	1	30	14	X31
450	1	30	15	X31
451	1	31	1	X31
452	1	31	2	X31
453	1	31	3	X31
454	1	31	4	X31
455	1	31	5	X31
456	1	31	6	X31
457	1	31	7	X31
458	1	31	8	X31
459	1	31	9	X31
460	1	31	10	X31
461	1	31	11	X31
462	1	31	12	X31
463	1	31	13	X31
464	1	31	14	X31
465	1	31	15	X31
466	1	32	1	X31
467	1	32	2	X31
468	1	32	3	X31
469	1	32	4	X31
470	1	32	5	X31
471	1	32	6	X31
472	1	32	7	X31
473	1	32	8	X31
474	1	32	9	X31
475	1	32	10	X31
476	1	32	11	X31
477	1	32	12	X31
478	1	32	13	X31
479	1	32	14	X31
480	1	32	15	X31
481	1	33	1	X31
482	1	33	2	X31
483	1	33	3	X31
484	1	33	4	X31
485	1	33	5	X31
486	1	33	6	X31
487	1	33	7	X31
488	1	33	8	X31
489	1	33	9	X31
490	1	33	10	X31
491	1	33	11	X31
492	1	33	12	X31
493	1	33	13	X31
494	1	33	14	X31
495	1	33	15	X31
496	1	34	1	X31
497	1	34	2	X31
498	1	34	3	X31
499	1	34	4	X31
500	1	34	5	X31
501	1	34	6	X31
502	1	34	7	X31
503	1	34	8	X31
504	1	34	9	X31
505	1	34	10	X31
506	1	34	11	X31
507	1	34	12	X31
508	1	34	13	X31
509	1	34	14	X31
510	1	34	15	X31
511	1	35	1	X31
512	1	35	2	X31
513	1	35	3	X31
514	1	35	4	X31
515	1	35	5	X31
516	1	35	6	X31
517	1	35	7	X31
518	1	35	8	X31
519	1	35	9	X31
520	1	35	10	X31
521	1	35	11	X31
522	1	35	12	X31
523	1	35	13	X31
524	1	35	14	X31
525	1	35	15	X31
526	1	36	1	X31
527	1	36	2	X31
528	1	36	3	X31
529	1	36	4	X31
530	1	36	5	X31
531	1	36	6	X31
532	1	36	7	X31
533	1	36	8	X31
534	1	36	9	X31
535	1	36	10	X31
536	1	36	11	X31
537	1	36	12	X31
538	1	36	13	X31
539	1	36	14	X31
540	1	36	15	X31
541	1	37	1	X31
542	1	37	2	X31
543	1	37	3	X31
544	1	37	4	X31
545	1	37	5	X31
546	1	37	6	X31
547	1	37	7	X31
548	1	37	8	X31
549	1	37	9	X31
550	1	37	10	X31
551	1	37	11	X31
552	1	37	12	X31
553	1	37	13	X31
554	1	37	14	X31
555	1	37	15	X31
556	1	38	1	X31
557	1	38	2	X31
558	1	38	3	X31
559	1	38	4	X31
560	1	38	5	X31
561	1	38	6	X31
562	1	38	7	X31
563	1	38	8	X31
564	1	38	9	X31
565	1	38	10	X31
566	1	38	11	X31
567	1	38	12	X31
568	1	38	13	X31
569	1	38	14	X31
570	1	38	15	X31
571	1	39	1	X31
572	1	39	2	X31
573	1	39	3	X31
574	1	39	4	X31
575	1	39	5	X31
576	1	39	6	X31
577	1	39	7	X31
578	1	39	8	X31
579	1	39	9	X31
580	1	39	10	X31
581	1	39	11	X31
582	1	39	12	X31
583	1	39	13	X31
584	1	39	14	X31
585	1	39	15	X31
586	1	40	1	X31
587	1	40	2	X31
588	1	40	3	X31
589	1	40	4	X31
590	1	40	5	X31
591	1	40	6	X31
592	1	40	7	X31
593	1	40	8	X31
594	1	40	9	X31
595	1	40	10	X31
596	1	40	11	X31
597	1	40	12	X31
598	1	40	13	X31
599	1	40	14	X31
600	1	40	15	X31
601	1	41	1	X31
602	1	41	2	X31
603	1	41	3	X31
604	1	41	4	X31
605	1	41	5	X31
606	1	41	6	X31
607	1	41	7	X31
608	1	41	8	X31
609	1	41	9	X31
610	1	41	10	X31
611	1	41	11	X31
612	1	41	12	X31
613	1	41	13	X31
614	1	41	14	X31
615	1	41	15	X31
616	1	42	1	X31
617	1	42	2	X31
618	1	42	3	X31
619	1	42	4	X31
620	1	42	5	X31
621	1	42	6	X31
622	1	42	7	X31
623	1	42	8	X31
624	1	42	9	X31
625	1	42	10	X31
626	1	42	11	X31
627	1	42	12	X31
628	1	42	13	X31
629	1	42	14	X31
630	1	42	15	X31
631	1	43	1	X31
632	1	43	2	X31
633	1	43	3	X31
634	1	43	4	X31
635	1	43	5	X31
636	1	43	6	X31
637	1	43	7	X31
638	1	43	8	X31
639	1	43	9	X31
640	1	43	10	X31
641	1	43	11	X31
642	1	43	12	X31
643	1	43	13	X31
644	1	43	14	X31
645	1	43	15	X31
646	1	44	1	X31
647	1	44	2	X31
648	1	44	3	X31
649	1	44	4	X31
650	1	44	5	X31
651	1	44	6	X31
652	1	44	7	X31
653	1	44	8	X31
654	1	44	9	X31
655	1	44	10	X31
656	1	44	11	X31
657	1	44	12	X31
658	1	44	13	X31
659	1	44	14	X31
660	1	44	15	X31
661	1	45	1	X31
662	1	45	2	X31
663	1	45	3	X31
664	1	45	4	X31
665	1	45	5	X31
666	1	45	6	X31
667	1	45	7	X31
668	1	45	8	X31
669	1	45	9	X31
670	1	45	10	X31
671	1	45	11	X31
672	1	45	12	X31
673	1	45	13	X31
674	1	45	14	X31
675	1	45	15	X31
676	1	46	1	X31
677	1	46	2	X31
678	1	46	3	X31
679	1	46	4	X31
680	1	46	5	X31
681	1	46	6	X31
682	1	46	7	X31
683	1	46	8	X31
684	1	46	9	X31
685	1	46	10	X31
686	1	46	11	X31
687	1	46	12	X31
688	1	46	13	X31
689	1	46	14	X31
690	1	46	15	X31
691	1	47	1	X31
692	1	47	2	X31
693	1	47	3	X31
694	1	47	4	X31
695	1	47	5	X31
696	1	47	6	X31
697	1	47	7	X31
698	1	47	8	X31
699	1	47	9	X31
700	1	47	10	X31
701	1	47	11	X31
702	1	47	12	X31
703	1	47	13	X31
704	1	47	14	X31
705	1	47	15	X31
706	1	48	1	X31
707	1	48	2	X31
708	1	48	3	X31
709	1	48	4	X31
710	1	48	5	X31
711	1	48	6	X31
712	1	48	7	X31
713	1	48	8	X31
714	1	48	9	X31
715	1	48	10	X31
716	1	48	11	X31
717	1	48	12	X31
718	1	48	13	X31
719	1	48	14	X31
720	1	48	15	X31
721	1	49	1	X31
722	1	49	2	X31
723	1	49	3	X31
724	1	49	4	X31
725	1	49	5	X31
726	1	49	6	X31
727	1	49	7	X31
728	1	49	8	X31
729	1	49	9	X31
730	1	49	10	X31
731	1	49	11	X31
732	1	49	12	X31
733	1	49	13	X31
734	1	49	14	X31
735	1	49	15	X31
736	1	50	1	X31
737	1	50	2	X31
738	1	50	3	X31
739	1	50	4	X31
740	1	50	5	X31
741	1	50	6	X31
742	1	50	7	X31
743	1	50	8	X31
744	1	50	9	X31
745	1	50	10	X31
746	1	50	11	X31
747	1	50	12	X31
748	1	50	13	X31
749	1	50	14	X31
750	1	50	15	X31
751	1	51	1	X31
752	1	51	2	X31
753	1	51	3	X31
754	1	51	4	X31
755	1	51	5	X31
756	1	51	6	X31
757	1	51	7	X31
758	1	51	8	X31
759	1	51	9	X31
760	1	51	10	X31
761	1	51	11	X31
762	1	51	12	X31
763	1	51	13	X31
764	1	51	14	X31
765	1	51	15	X31
766	1	52	1	X31
767	1	52	2	X31
768	1	52	3	X31
769	1	52	4	X31
770	1	52	5	X31
771	1	52	6	X31
772	1	52	7	X31
773	1	52	8	X31
774	1	52	9	X31
775	1	52	10	X31
776	1	52	11	X31
777	1	52	12	X31
778	1	52	13	X31
779	1	52	14	X31
780	1	52	15	X31
781	1	53	1	X31
782	1	53	2	X31
783	1	53	3	X31
784	1	53	4	X31
785	1	53	5	X31
786	1	53	6	X31
787	1	53	7	X31
788	1	53	8	X31
789	1	53	9	X31
790	1	53	10	X31
791	1	53	11	X31
792	1	53	12	X31
793	1	53	13	X31
794	1	53	14	X31
795	1	53	15	X31
796	1	54	1	X31
797	1	54	2	X31
798	1	54	3	X31
799	1	54	4	X31
800	1	54	5	X31
801	1	54	6	X31
802	1	54	7	X31
803	1	54	8	X31
804	1	54	9	X31
805	1	54	10	X31
806	1	54	11	X31
807	1	54	12	X31
808	1	54	13	X31
809	1	54	14	X31
810	1	54	15	X31
811	1	55	1	X31
812	1	55	2	X31
813	1	55	3	X31
814	1	55	4	X31
815	1	55	5	X31
816	1	55	6	X31
817	1	55	7	X31
818	1	55	8	X31
819	1	55	9	X31
820	1	55	10	X31
821	1	55	11	X31
822	1	55	12	X31
823	1	55	13	X31
824	1	55	14	X31
825	1	55	15	X31
826	1	56	1	X31
827	1	56	2	X31
828	1	56	3	X31
829	1	56	4	X31
830	1	56	5	X31
831	1	56	6	X31
832	1	56	7	X31
833	1	56	8	X31
834	1	56	9	X31
835	1	56	10	X31
836	1	56	11	X31
837	1	56	12	X31
838	1	56	13	X31
839	1	56	14	X31
840	1	56	15	X31
841	1	57	1	X31
842	1	57	2	X31
843	1	57	3	X31
844	1	57	4	X31
845	1	57	5	X31
846	1	57	6	X31
847	1	57	7	X31
848	1	57	8	X31
849	1	57	9	X31
850	1	57	10	X31
851	1	57	11	X31
852	1	57	12	X31
853	1	57	13	X31
854	1	57	14	X31
855	1	57	15	X31
